3277.808    0.57624
3277.906    0.00900
3278.004   -0.18953
3278.102   -0.24626
3278.199    1.00168
3278.297    1.31366
3278.395    1.39875
3278.493    0.88823
3278.590   -0.01936
3278.688   -0.27462
3278.786   -0.01936
3278.884    0.23590
3278.981   -0.33134
3279.079   -0.38807
3279.177    0.00900
3279.275   -0.27462
3279.372   -0.10445
3279.470   -0.33134
3279.568   -1.40910
3279.666   -0.98367
3279.763   -1.09712
3279.861   -1.49419
3279.959   -1.29566
3280.057   -0.89859
3280.154   -0.21790
3280.252   -0.21790
3280.350   -0.50152
3280.448    0.00900
3280.545    0.71805
3280.643    0.91659
3280.741    1.03004
3280.839    1.79582
3280.937    1.73909
3281.034    0.12245
3281.132   -0.13281
3281.230    0.49116
3281.327    0.34935
3281.425    0.54788
3281.523    0.43443
3281.621   -0.27462
3281.719   -0.61497
3281.816   -0.16117
3281.914   -0.58660
3282.012   -0.92695
3282.109   -0.84186
3282.207   -1.18221
3282.305   -2.00471
3282.403   -1.77781
3282.500   -1.21057
3282.598   -0.78514
3282.696   -0.84186
3282.794   -1.06876
3282.891   -1.46583
3282.989   -0.95531
3283.087   -0.52988
3283.185   -0.35971
3283.282    0.32098
3283.380    0.26426
3283.478    1.17185
3283.576    1.54056
3283.673    0.94495
3283.771    0.51952
3283.869   -0.58660
3283.967   -1.66436
3284.064   -1.29566
3284.162   -0.89859
3284.260   -1.06876
3284.358   -0.78514
3284.456   -0.72841
3284.553   -0.92695
3284.651   -1.55092
3284.749   -1.04040
3284.846   -0.64333
3284.944   -0.61497
3285.042    1.17185
3285.140    2.19289
3285.238    1.71073
3285.335    1.45547
3285.433    0.15081
3285.531   -0.78514
3285.628   -1.12548
3285.726   -0.95531
3285.824   -1.35238
3285.922   -1.52255
3286.020   -1.72109
3286.117   -1.12548
3286.215   -0.64333
3286.313    0.40607
3286.410    0.63297
3286.508    0.37771
3286.606    0.23590
3286.704    0.63297
3286.802    1.08676
3286.899    0.97331
3286.997    0.43443
3287.095   -0.47315
3287.193   -0.75678
3287.290   -0.33134
3287.388   -0.67169
3287.486   -1.21057
3287.583   -1.57928
3287.681   -1.26729
3287.779   -0.50152
3287.877   -1.35238
3287.975   -0.55824
3288.072    1.00168
3288.170    0.37771
3288.268    0.20754
3288.365    0.46280
3288.463    0.91659
3288.561    0.68969
3288.659    0.17917
3288.757    0.88823
3288.854    0.03736
3288.952   -1.35238
3289.050   -1.46583
3289.147   -1.04040
3289.245   -0.58660
3289.343   -0.47315
3289.441   -1.35238
3289.539   -0.98367
3289.636    0.00900
3289.734    0.23590
3289.832    0.23590
3289.929    0.43443
3290.027   -0.35971
3290.125   -0.44479
3290.223   -0.64333
3290.321   -1.12548
3290.418   -1.01203
3290.516    0.20754
3290.614    1.22857
3290.712    1.14349
3290.809    0.60461
3290.907    0.06573
3291.005   -0.04772
3291.103    0.34935
3291.200    0.97331
3291.298    1.31366
3291.396    1.05840
3291.494    0.06573
3291.591   -0.18953
3291.689   -0.72841
3291.787   -0.87022
3291.885   -0.78514
3291.982   -0.64333
3292.080   -0.72841
3292.178   -0.21790
3292.276    0.57624
3292.373    0.40607
3292.471    0.43443
3292.569    0.60461
3292.667    1.17185
3292.764    0.66133
3292.862    1.34202
3292.960    0.83150
3293.058    0.66133
3293.155    0.91659
3293.253    1.68237
3293.351    2.84521
3293.449    3.04375
3293.546    2.16452
3293.644    1.65400
3293.742    0.40607
3293.840   -0.61497
3293.938   -0.70005
3294.035   -0.72841
3294.133   -0.64333
3294.231    0.20754
3294.328   -0.10445
3294.426    0.43443
3294.524    1.03004
3294.622    1.25693
3294.719    1.08676
3294.817    1.03004
3294.915    1.65400
3295.013    2.05107
3295.110    2.16452
3295.208    1.31366
3295.306    1.25693
3295.404    1.88090
3295.501    2.05107
3295.599    2.16452
3295.697    1.05840
3295.795    0.12245
3295.892   -0.04772
3295.990    0.71805
3296.088    1.34202
3296.186    1.99435
3296.283    1.48383
3296.381    1.93763
3296.479    1.51219
3296.577    1.59728
3296.674    0.68969
3296.772    0.20754
3296.870    0.80314
3296.968    1.93763
3297.065    1.17185
3297.163   -0.38807
3297.261   -0.27462
3297.359    0.97331
3297.457    0.94495
3297.554    1.51219
3297.652    1.90926
3297.750    2.67504
3297.847    1.59728
3297.945    0.83150
3298.043    0.49116
3298.141    1.05840
3298.239    1.71073
3298.336    2.27797
3298.434    2.19289
3298.532    1.37038
3298.629    1.45547
3298.727    1.85254
3298.825    1.96599
3298.923    1.42711
3299.021    0.85987
3299.118    1.17185
3299.216    1.11512
3299.314    1.37038
3299.411    1.25693
3299.509    1.08676
3299.607    1.25693
3299.705    1.79582
3299.802    2.44814
3299.900    1.51219
3299.998    1.05840
3300.096    0.88823
3300.194    1.17185
3300.291    1.05840
3300.389    1.79582
3300.487    1.65400
3300.584    1.31366
3300.682    1.45547
3300.780    1.39875
3300.878    1.45547
3300.976    2.02271
3301.073    2.22125
3301.171    1.65400
3301.269    0.97331
3301.366    1.11512
3301.464    1.20021
3301.562    1.08676
3301.660    1.34202
3301.758    1.93763
3301.855    0.66133
3301.953    0.23590
3302.051    0.40607
3302.148    0.80314
3302.246    0.85987
3302.344    1.39875
3302.442    1.68237
3302.540    1.85254
3302.637    1.82418
3302.735    2.16452
3302.833    2.93030
3302.930    3.18556
3303.028    2.90194
3303.126    2.50487
3303.224    2.76013
3303.322    2.39142
3303.419    2.56159
3303.517    2.41978
3303.615    2.27797
3303.713    2.70340
3303.810    3.49754
3303.908    4.43349
3304.006    4.74548
3304.104    4.83056
3304.201    3.95134
3304.299    3.80953
3304.397    4.37677
3304.495    4.20660
3304.592    4.37677
3304.690    3.97970
3304.788    4.29168
3304.885    5.70979
3304.983    5.82324
3305.081    5.56798
3305.179    5.62470
3305.277    6.05013
3305.374    6.05013
3305.472    5.90832
3305.570    6.10686
3305.667    6.58901
3305.765    7.80859
3305.863    8.85798
3305.961    9.79393
3306.059    9.34014
3306.156    9.22669
3306.254   10.21937
3306.352   10.95678
3306.450   11.21204
3306.547   11.29713
3306.645   12.45997
3306.743   12.94213
3306.841   12.91377
3306.938   13.39592
3307.036   14.64386
3307.134   15.74998
3307.232   16.37395
3307.329   17.30990
3307.427   18.44438
3307.525   19.55050
3307.623   19.94757
3307.720   20.31628
3307.818   22.61361
3307.916   26.01707
3308.014   27.40681
3308.111   28.96673
3308.209   32.11492
3308.307   34.97950
3308.405   36.96485
3308.502   38.38295
3308.600   40.02795
3308.698   41.89985
3308.796   43.77176
3308.893   45.38840
3308.991   48.11116
3309.089   50.40849
3309.187   53.52832
3309.284   56.22273
3309.382   58.34989
3309.480   61.55481
3309.578   65.41205
3309.675   69.75146
3309.773   74.31776
3309.871   78.62880
3309.969   83.05329
3310.066   89.83184
3310.164   97.57470
3310.262  107.16110
3310.360  116.74749
3310.458  126.67424
3310.555  137.93400
3310.653  150.21480
3310.751  165.04819
3310.848  178.63364
3310.946  194.48807
3311.044  211.64715
3311.142  228.57934
3311.240  245.90859
3311.337  260.00457
3311.435  274.83796
3311.533  286.23953
3311.630  295.74084
3311.728  298.32179
3311.826  299.51300
3311.924  294.20929
3312.021  280.14167
3312.119  259.52241
3312.217  230.96176
3312.315  197.06902
3312.412  155.91558
3312.510  108.57920
3312.608   56.33617
3312.706    3.18556
3312.803  -49.17092
3312.901  -99.91075
3312.999 -148.18308
3313.097 -190.35756
3313.195 -229.04349
3313.292 -258.76699
3313.390 -283.41368
3313.488 -299.63681
3313.585 -308.85450
3313.683 -312.05942
3313.781 -307.03932
3313.879 -299.63681
3313.977 -285.54084
3314.074 -271.04779
3314.172 -253.00948
3314.270 -235.25480
3314.367 -216.96123
3314.465 -198.44076
3314.563 -181.53694
3314.661 -164.12259
3314.759 -148.15472
3314.856 -132.86754
3314.954 -119.84932
3315.052 -107.85215
3315.149  -98.74791
3315.247  -90.26763
3315.345  -82.55313
3315.443  -75.68950
3315.541  -68.96768
3315.638  -63.32362
3315.736  -58.53042
3315.834  -54.33282
3315.931  -49.56799
3316.029  -46.70341
3316.127  -44.51953
3316.225  -42.02366
3316.323  -40.57719
3316.420  -38.79038
3316.518  -36.83339
3316.616  -35.16003
3316.714  -34.56442
3316.811  -33.34485
3316.909  -32.21037
3317.007  -30.82062
3317.104  -28.80691
3317.202  -27.33208
3317.300  -25.60199
3317.398  -24.49587
3317.496  -23.73009
3317.593  -21.91492
3317.691  -20.86552
3317.789  -19.30560
3317.886  -18.48310
3317.984  -17.80241
3318.082  -16.55448
3318.180  -14.68258
3318.278  -14.03025
3318.375  -12.47033
3318.473  -11.08059
3318.571  -10.91042
3318.668   -9.37886
3318.766   -7.90403
3318.864   -7.84731
3318.962   -8.32946
3319.060   -6.40084
3319.157   -5.35144
3319.255   -4.30204
3319.353   -3.42282
3319.451   -2.88393
3319.548   -2.96902
3319.646   -3.59299
3319.744   -3.73480
3319.842   -3.19592
3319.939   -2.37342
3320.037   -1.21057
3320.135   -0.27462
3320.233    0.15081
3320.330    1.42711
3320.428    2.53323
3320.526    2.98702
3320.624    2.58995
3320.721    2.87358
3320.819    3.41246
3320.917    3.78116
3321.015    5.05746
3321.112    5.34108
3321.210    6.13522
3321.308    6.67410
3321.406    7.92203
3321.503    8.65945
3321.601    9.82230
3321.699   11.24040
3321.797   11.46730
3321.894   12.17635
3321.992   14.21842
3322.090   17.11136
3322.188   19.43705
3322.285   21.25223
3322.383   23.74810
3322.481   26.10215
3322.579   27.66207
3322.676   29.53397
3322.774   30.78190
3322.872   31.74622
3322.970   33.13596
3323.067   34.61079
3323.165   36.42597
3323.263   37.61717
3323.361   39.31890
3323.458   40.65192
3323.556   42.46710
3323.654   45.38840
3323.752   48.96202
3323.849   51.54298
3323.947   55.23005
3324.045   58.09463
3324.143   63.45507
3324.240   71.08448
3324.338   78.77061
3324.436   88.10175
3324.534   99.30479
3324.631  111.55723
3324.729  125.25613
3324.827  142.10323
3324.925  162.04180
3325.022  183.17158
3325.120  206.62706
3325.218  231.95443
3325.316  259.09698
3325.413  285.64393
3325.511  312.84320
3325.609  338.34075
3325.707  360.86027
3325.804  379.80617
3325.902  392.39895
3326.000  400.00000
3326.098  397.95793
3326.196  386.13092
3326.293  363.55467
3326.391  330.56953
3326.489  285.89919
3326.586  230.39451
3326.684  167.60078
3326.782   99.64513
3326.880   29.61906
3326.978  -40.12340
3327.075 -106.77439
3327.173 -168.74562
3327.271 -223.90995
3327.368 -269.82822
3327.466 -304.60018
3327.564 -329.67230
3327.662 -345.44164
3327.760 -352.39036
3327.857 -351.96493
3327.955 -343.17267
3328.053 -330.43807
3328.150 -313.78951
3328.248 -295.89301
3328.346 -275.27375
3328.444 -252.89604
3328.542 -232.04988
3328.639 -211.62915
3328.737 -191.57713
3328.835 -172.48942
3328.932 -156.26629
3329.030 -140.75221
3329.128 -126.79804
3329.226 -114.97104
3329.323 -103.88145
3329.421  -94.09652
3329.519  -86.63728
3329.617  -80.17072
3329.715  -74.07286
3329.812  -68.99604
3329.910  -64.25957
3330.008  -59.83507
3330.105  -57.08395
3330.203  -54.92843
3330.301  -52.26239
3330.399  -49.45454
3330.497  -46.33470
3330.594  -44.15082
3330.692  -42.05202
3330.790  -40.15176
3330.887  -38.56348
3330.985  -36.66322
3331.083  -34.84805
3331.181  -33.20304
3331.279  -30.90571
3331.376  -27.75752
3331.474  -25.17656
3331.572  -23.75846
3331.669  -21.82983
3331.767  -20.32664
3331.865  -19.24888
3331.963  -18.11439
3332.061  -17.12172
3332.158  -16.32758
3332.256  -15.05128
3332.354  -13.68990
3332.452  -12.04490
3332.549  -10.59843
3332.647  -10.39990
3332.745   -8.75489
3332.843   -7.62041
3332.940   -6.88299
3333.038   -6.48592
3333.136   -4.01842
3333.234   -1.89126
3333.331   -1.97635
3333.429   -2.51523
3333.527   -2.40178
3333.625   -1.74945
3333.722   -0.52988
3333.820    1.08676
3333.918    2.78849
3334.016    3.29901
3334.113    3.66772
3334.211    4.94401
3334.309    6.13522
3334.406    5.93669
3334.504    5.93669
3334.602    8.03548
3334.700    9.76557
3334.798   10.64480
3334.895   11.83601
3334.993   11.94945
3335.091   12.68687
3335.189   13.62282
3335.286   14.61549
3335.384   16.03360
3335.482   18.01895
3335.580   20.00430
3335.677   20.45809
3335.775   21.33732
3335.873   22.75542
3335.971   23.77646
3336.068   25.56327
3336.166   26.92465
3336.264   28.76819
3336.362   30.61173
3336.459   32.82398
3336.557   34.66751
3336.655   36.28415
3336.753   38.18442
3336.850   41.02063
3336.948   44.08374
3337.046   47.23193
3337.144   49.55763
3337.241   52.08186
3337.339   54.40755
3337.437   57.30049
3337.535   60.39196
3337.632   64.07903
3337.730   67.73775
3337.828   71.82189
3337.926   76.04785
3338.023   80.41562
3338.121   83.79071
3338.219   86.99563
3338.317   91.36339
3338.414   94.08616
3338.512   96.61039
3338.610   98.34048
3338.708   99.58841
3338.805   99.81531
3338.903   99.58841
3339.001  100.04220
3339.099   98.56737
3339.197   96.58203
3339.294   92.66805
3339.392   88.13011
3339.490   82.74131
3339.587   76.70018
3339.685   70.80086
3339.783   64.10740
3339.881   57.47066
3339.979   50.01142
3340.076   42.80744
3340.174   35.85872
3340.272   28.99509
3340.369   22.55689
3340.467   16.31722
3340.565    9.87902
3340.663    3.52590
3340.760   -1.94798
3340.858   -5.63506
3340.956   -9.32214
3341.054  -13.94516
3341.151  -18.62491
3341.249  -22.02837
3341.347  -25.99906
3341.445  -29.43088
3341.542  -31.92675
3341.640  -35.10330
3341.738  -38.30822
3341.836  -42.73272
3341.934  -46.27798
3342.031  -47.78117
3342.129  -50.05014
3342.227  -52.40420
3342.324  -54.41791
3342.422  -56.74360
3342.520  -59.12602
3342.618  -60.94120
3342.716  -62.07568
3342.813  -62.67129
3342.911  -62.64292
3343.009  -62.95491
3343.106  -63.72069
3343.204  -65.50750
3343.302  -65.79112
3343.400  -65.16715
3343.498  -64.77008
3343.595  -64.14612
3343.693  -63.38034
3343.791  -62.64292
3343.888  -62.89818
3343.986  -62.24585
3344.084  -61.87715
3344.182  -59.72163
3344.280  -58.61550
3344.377  -57.53774
3344.475  -55.97783
3344.573  -55.21205
3344.670  -53.42524
3344.768  -51.89368
3344.866  -50.13523
3344.964  -48.40514
3345.062  -46.50488
3345.159  -44.74643
3345.257  -42.73272
3345.355  -40.88918
3345.453  -38.84710
3345.550  -37.06029
3345.648  -36.46469
3345.746  -35.89744
3345.844  -34.87641
3345.941  -34.73460
3346.039  -33.17468
3346.137  -31.10425
3346.235  -29.06217
3346.332  -27.47389
3346.430  -26.87829
3346.528  -26.33941
3346.625  -26.59467
3346.723  -26.48122
3346.821  -25.46018
3346.919  -23.64501
3347.017  -21.85819
3347.114  -21.40440
3347.212  -21.26259
3347.310  -20.35500
3347.407  -19.90121
3347.505  -18.93690
3347.603  -18.99362
3347.701  -18.31293
3347.799  -17.74569
3347.896  -17.26353
3347.994  -17.85913
3348.092  -17.68896
3348.190  -16.52612
3348.287  -14.65422
3348.385  -14.79603
3348.483  -14.45568
3348.581  -14.85275
3348.678  -14.28551
3348.776  -13.43464
3348.874  -12.83904
3348.972  -11.98818
3349.069  -11.76128
3349.167  -11.98818
3349.265  -11.81800
3349.363  -12.01654
3349.460  -11.87473
3349.558  -10.59843
3349.656  -10.39990
3349.754  -10.00283
3349.851  -10.17300
3349.949  -10.99550
3350.047  -11.05223
3350.145  -10.39990
3350.242   -9.63412
3350.340   -8.98179
3350.438   -8.30110
3350.536   -7.98912
3350.633   -7.90403
3350.731   -8.07420
3350.829   -8.24438
3350.927   -7.81894
3351.024   -6.93972
3351.122   -6.96808
3351.220   -6.37248
3351.318   -6.06049
3351.415   -6.37248
3351.513   -6.82627
3351.611   -7.45024
3351.709   -6.34411
3351.806   -5.86196
3351.904   -6.17394
3352.002   -5.29472
3352.100   -5.35144
3352.198   -5.86196
3352.295   -6.20230
3352.393   -6.74118
3352.491   -5.60670
3352.588   -4.72747
3352.686   -4.92601
3352.784   -5.15290
3352.882   -5.66342
3352.979   -5.18127
3353.077   -3.90497
3353.175   -3.05411
3353.273   -2.57195
3353.370   -2.96902
3353.468   -4.07514
3353.566   -3.96170
3353.664   -3.76316
3353.761   -3.11083
3353.859   -2.51523
3353.957   -2.85557
3354.055   -3.79152
3354.152   -4.18859
3354.250   -4.27368
3354.348   -3.42282
3354.446   -2.31669
3354.543   -1.66436
3354.641   -1.52255
3354.739   -1.46583
3354.837   -1.43747
3354.935   -1.40910
3355.032   -1.60764
3355.130   -2.34505
3355.228   -2.62868
3355.325   -2.03307
3355.423   -2.40178
3355.521   -2.91230
3355.619   -2.60031
3355.717   -1.69273
3355.814   -2.62868
3355.912   -2.45850
3356.010   -2.45850
3356.107   -2.45850
3356.205   -2.51523
3356.303   -2.06143
3356.401   -1.29566
3356.499   -2.08980
3356.596   -2.74212
3356.694   -2.74212
3356.792   -2.06143
3356.889   -2.34505
3356.987   -2.45850
3357.085   -3.22428
3357.183   -3.73480
3357.281   -3.42282
3357.378   -2.79885
3357.476   -2.43014
3357.574   -1.80617
3357.671   -1.04040
3357.769   -0.30298
3357.867   -0.61497
3357.965   -2.11816
3358.063   -1.83454
3358.160   -1.18221
3358.258   -1.35238
3358.356   -2.03307
3358.454   -3.16756
3358.551   -2.65704
3358.649   -2.51523
3358.747   -2.57195
3358.844   -2.25997
3358.942   -3.42282
3359.040   -3.59299
3359.138   -3.45118
3359.236   -2.65704
3359.333   -2.25997
3359.431   -2.11816
3359.529   -2.31669
3359.626   -2.79885
3359.724   -3.33773
3359.822   -3.36609
3359.920   -3.30937
3360.018   -2.99738
3360.115   -2.96902
3360.213   -3.22428
3360.311   -3.05411
3360.408   -1.55092
3360.506   -0.70005
3360.604   -0.44479
3360.702   -0.38807
3360.800   -1.21057
3360.897   -1.66436
3360.995   -1.12548
3361.093   -1.32402
3361.191   -2.17488
3361.288   -2.06143
3361.386   -1.69273
3361.484   -1.49419
3361.582   -1.91962
3361.679   -2.11816
3361.777   -1.09712
3361.875   -0.81350
3361.973   -1.18221
3362.070   -2.11816
3362.168   -3.11083
3362.266   -2.48687
3362.364   -1.35238
3362.461   -0.33134
3362.559   -1.01203
3362.657   -1.91962
3362.755   -2.60031
3362.852   -3.02575
3362.950   -2.37342
3363.048   -2.37342
3363.146   -2.25997
3363.243   -1.52255
3363.341   -1.35238
3363.439   -1.60764
3363.537   -1.52255
3363.634   -2.20324
3363.732   -1.83454
3363.830   -1.89126
3363.927   -2.17488
3364.025   -2.17488
3364.123   -3.13919
3364.221   -3.70644
3364.319   -3.28100
3364.416   -2.25997
3364.514   -1.60764
3364.612   -1.74945
3364.710   -2.25997
3364.807   -2.03307
3364.905   -1.23893
3365.003   -1.06876
3365.101   -0.89859
3365.198   -0.44479
3365.296   -0.18953
3365.394   -0.35971
3365.492   -0.67169
3365.589   -0.95531
3365.687   -1.06876
3365.785   -1.55092
3365.883   -1.40910
3365.980   -1.46583
3366.078   -0.75678
3366.176   -1.29566
3366.274   -1.29566
3366.371   -1.04040
3366.469   -2.17488
3366.567   -3.28100
3366.665   -2.99738
3366.762   -2.43014
3366.860   -0.95531
3366.958   -0.61497
3367.056   -0.67169
3367.153   -1.32402
3367.251   -2.06143
3367.349   -1.55092
3367.447   -1.86290
3367.544   -1.91962
3367.642   -2.06143
3367.740   -1.83454
3367.838   -1.52255
3367.936   -1.12548
3368.033   -1.57928
3368.131   -1.83454
3368.229   -1.57928
3368.326   -0.78514
3368.424   -0.16117
3368.522   -0.16117
3368.620   -0.18953
3368.718   -0.01936
3368.815   -0.58660
3368.913   -0.55824
3369.011   -0.64333
3369.108   -0.38807
3369.206   -0.21790
3369.304   -0.64333
3369.402   -0.84186
3369.500   -0.13281
3369.597   -0.58660
3369.695   -1.15385
3369.793   -1.40910
3369.890   -1.43747
3369.988   -1.74945
3370.086   -2.03307
3370.184   -2.08980
3370.281   -2.03307
3370.379   -1.52255
3370.477   -0.78514
3370.575   -1.06876
3370.672   -1.29566
3370.770   -0.98367
3370.868   -0.95531
3370.966   -1.15385
3371.063   -2.06143
3371.161   -1.86290
3371.259   -1.32402
3371.357   -0.24626
3371.455    0.49116
3371.552    0.37771
3371.650   -0.10445
3371.748   -0.95531
3371.845   -0.87022
3371.943   -0.95531
3372.041   -0.81350
3372.139   -0.44479
3372.237   -0.98367
3372.334   -2.03307
3372.432   -2.88393
3372.530   -2.34505
3372.627   -1.09712
3372.725   -1.86290
3372.823   -2.43014
3372.921   -2.08980
3373.019   -1.06876
3373.116    0.00900
3373.214   -0.44479
3373.312   -0.44479
3373.409   -0.27462
3373.507   -0.38807
3373.605   -1.15385
3373.703   -1.18221
3373.801   -0.95531
3373.898   -0.58660
3373.996   -0.38807
3374.094   -0.35971
3374.192   -0.50152
3374.289   -0.70005
3374.387   -1.52255
3374.485   -1.29566
3374.583   -0.58660
3374.680   -0.58660
3374.778    0.17917
3374.876    0.80314
3374.974    0.15081
3375.071   -0.30298
3375.169   -1.49419
3375.267   -2.43014
3375.365   -1.55092
3375.462   -1.26729
3375.560   -1.94798
3375.658   -2.51523
3375.756   -1.46583
3375.853   -0.52988
3375.951   -1.55092
3376.049   -1.40910
3376.146   -1.52255
3376.244   -1.49419
3376.342   -1.21057
3376.440   -1.66436
3376.538   -1.52255
3376.635   -1.86290
3376.733   -1.06876
3376.831   -1.74945
3376.928   -1.86290
3377.026   -1.12548
3377.124   -1.74945
3377.222   -1.74945
3377.320   -1.23893
3377.417   -1.60764
3377.515   -2.23161
3377.613   -1.72109
3377.711   -0.89859
3377.808   -0.52988
