3277.711    2.41046
3277.808    2.41046
3277.906    3.29897
3278.004    1.62857
3278.102    0.45574
3278.199    0.24250
3278.297    1.37979
3278.395    0.81115
3278.493   -0.32614
3278.591   -0.68155
3278.688   -0.25506
3278.786   -0.71709
3278.884    0.42020
3278.981    2.05506
3279.079    2.73032
3279.177    3.29897
3279.275    4.22302
3279.373    2.44600
3279.470    0.49128
3279.568    0.59790
3279.666    0.31358
3279.763    1.05993
3279.861    0.42020
3279.959    0.13588
3280.057   -0.36169
3280.155   -0.75263
3280.252   -1.64114
3280.350   -2.49410
3280.448   -1.71222
3280.545   -0.43277
3280.643   -1.03695
3280.741   -0.43277
3280.839   -1.10803
3280.937   -0.14844
3281.034    0.49128
3281.132    0.10034
3281.230    0.77560
3281.327    1.52195
3281.425   -0.78817
3281.523   -2.31640
3281.621   -2.28086
3281.719   -1.92546
3281.816   -0.32614
3281.914   -0.25506
3282.012   -0.14844
3282.110    0.17142
3282.207   -0.07736
3282.305   -1.14357
3282.403   -1.60560
3282.500   -3.13383
3282.598   -3.66693
3282.696   -1.81884
3282.794   -0.50385
3282.892   -0.61047
3282.989   -0.64601
3283.087   -0.82371
3283.185    0.17142
3283.282    0.95331
3283.380    2.80140
3283.478    2.01952
3283.576    0.59790
3283.674    0.10034
3283.771   -1.10803
3283.869   -1.39235
3283.967   -1.64114
3284.064   -0.46831
3284.162   -0.14844
3284.260    1.52195
3284.358    2.09060
3284.456    2.09060
3284.553    1.48641
3284.651    0.52682
3284.749    0.20696
3284.847   -0.18398
3284.944   -0.18398
3285.042   -1.67668
3285.140   -2.13870
3285.238   -1.35681
3285.335   -1.53452
3285.433   -0.68155
3285.531   -0.18398
3285.629    1.23763
3285.726    1.20209
3285.824   -0.96587
3285.922   -1.32127
3286.020    0.34912
3286.117    1.09547
3286.215    2.41046
3286.313    1.55749
3286.411   -0.96587
3286.508   -0.43277
3286.606   -0.82371
3286.704   -0.32614
3286.802   -0.68155
3286.899   -1.21465
3286.997   -0.71709
3287.095   -0.11290
3287.193    0.27804
3287.290    0.77560
3287.388    0.88223
3287.486    1.41533
3287.583    2.41046
3287.681    2.58816
3287.779    2.12614
3287.877    2.23276
3287.975    0.59790
3288.072   -0.75263
3288.170   -1.67668
3288.268   -2.03208
3288.366   -1.88992
3288.463   -0.18398
3288.561    0.84669
3288.659    0.52682
3288.757   -1.07249
3288.854   -1.39235
3288.952   -0.82371
3289.050    0.13588
3289.148    1.13101
3289.245    2.37492
3289.343    2.01952
3289.441    1.27317
3289.539   -1.32127
3289.636   -4.83977
3289.734   -3.91572
3289.832   -2.95613
3289.930   -0.14844
3290.027    2.26830
3290.125    2.58816
3290.223    2.05506
3290.321    0.20696
3290.418    0.24250
3290.516    0.81115
3290.614   -0.43277
3290.712   -2.03208
3290.809   -0.71709
3290.907    1.87735
3291.005    3.65437
3291.103    2.09060
3291.200    0.31358
3291.298    1.20209
3291.396    1.41533
3291.494    3.37005
3291.592    2.37492
3291.689    0.81115
3291.787    0.74006
3291.885    1.20209
3291.982    1.52195
3292.080   -0.57493
3292.178   -1.49898
3292.276   -0.11290
3292.374    0.98885
3292.471    2.16168
3292.569    3.51221
3292.667    1.91290
3292.764    2.41046
3292.862    2.55262
3292.960    3.12127
3293.058    2.30384
3293.156    0.81115
3293.253   -0.14844
3293.351   -0.36169
3293.449    0.13588
3293.546    0.52682
3293.644   -0.82371
3293.742   -0.00628
3293.840    0.06480
3293.938    1.05993
3294.035    1.62857
3294.133    1.80627
3294.231    0.31358
3294.328    1.69965
3294.426    4.75612
3294.524    5.43139
3294.622    4.11639
3294.719    2.76586
3294.817    3.54775
3294.915    3.61883
3295.013    3.40559
3295.111    1.09547
3295.208    0.56236
3295.306    2.30384
3295.404    3.83207
3295.501    5.07598
3295.599    6.60422
3295.697    6.95962
3295.795    4.40072
3295.893    1.77073
3295.990    0.24250
3296.088    0.34912
3296.186    1.73519
3296.283    3.22789
3296.381    3.83207
3296.479    3.12127
3296.577    2.33938
3296.675    3.83207
3296.772    3.86761
3296.870    5.11152
3296.968    5.21814
3297.065    5.36031
3297.163    4.82720
3297.261    3.68991
3297.359    2.73032
3297.457    3.47667
3297.554    4.40072
3297.652    5.43139
3297.750    5.82233
3297.848    6.03557
3297.945    5.60909
3298.043    6.46206
3298.141    7.45718
3298.239    8.09691
3298.336    8.80772
3298.434    8.48785
3298.532    9.41190
3298.630    9.98055
3298.727    9.87393
3298.825    9.83839
3298.923   10.69135
3299.021   10.76243
3299.118   11.79310
3299.216   12.75269
3299.314   10.90460
3299.412    9.73177
3299.509   10.62027
3299.607   11.26000
3299.705   12.46837
3299.802   14.10322
3299.900   14.13876
3299.998   14.13876
3300.096   14.99173
3300.194   15.38268
3300.291   16.80429
3300.389   15.59592
3300.487   16.41335
3300.584   18.04820
3300.682   18.40360
3300.780   18.26144
3300.878   19.68305
3300.976   20.25170
3301.073   20.07400
3301.171   19.43427
3301.269   19.71859
3301.367   20.32278
3301.464   20.14508
3301.562   20.32278
3301.660   20.67818
3301.758   21.70885
3301.855   23.59249
3301.953   25.79599
3302.051   25.97369
3302.149   26.68450
3302.246   25.40505
3302.344   26.18693
3302.442   26.50680
3302.540   24.01897
3302.637   22.38412
3302.735   23.87681
3302.833   23.77019
3302.931   24.19667
3303.028   26.47126
3303.126   27.60855
3303.224   29.59880
3303.322   30.52285
3303.419   29.56326
3303.517   29.03016
3303.615   28.03503
3303.713   29.03016
3303.810   29.84759
3303.908   30.94934
3304.006   33.40162
3304.104   33.33054
3304.201   34.60999
3304.299   32.47757
3304.397   29.24340
3304.495   29.63434
3304.593   31.73122
3304.690   34.82323
3304.788   36.35146
3304.886   37.06227
3304.983   37.59537
3305.081   39.26577
3305.179   38.34172
3305.277   39.94104
3305.375   41.54035
3305.472   43.03304
3305.570   42.74872
3305.668   42.00237
3305.765   40.68738
3305.863   41.18495
3305.961   41.86021
3306.059   42.71318
3306.156   44.38358
3306.254   45.27208
3306.352   47.36896
3306.450   49.75016
3306.547   52.70001
3306.645   54.08608
3306.743   55.18783
3306.841   54.90351
3306.938   55.11675
3307.036   57.03593
3307.134   58.13768
3307.232   59.73699
3307.329   61.05198
3307.427   62.65130
3307.525   64.17953
3307.623   66.02763
3307.720   66.88060
3307.818   68.19559
3307.916   70.57679
3308.014   73.24231
3308.112   74.77055
3308.209   77.50715
3308.307   79.81727
3308.405   80.81240
3308.502   83.05144
3308.600   84.01103
3308.698   85.53926
3308.796   88.63127
3308.894   91.97206
3308.991   95.66825
3309.089   99.79093
3309.187  102.81186
3309.284  102.95402
3309.382  103.84253
3309.480  106.54359
3309.578  108.39169
3309.676  111.66140
3309.773  114.89557
3309.871  116.60150
3309.969  118.12974
3310.066  119.69351
3310.164  121.36390
3310.262  125.09564
3310.360  128.11657
3310.458  130.46223
3310.555  132.87897
3310.653  135.18909
3310.751  138.74312
3310.849  140.76892
3310.946  142.65256
3311.044  143.71877
3311.142  145.28254
3311.240  146.31321
3311.337  147.20172
3311.435  146.49091
3311.533  148.16130
3311.631  150.72021
3311.728  148.94319
3311.826  146.52645
3311.924  140.48460
3312.021  137.89015
3312.119  133.83856
3312.217  127.83224
3312.315  120.79526
3312.413  111.69694
3312.510  102.45646
3312.608   89.19992
3312.706   75.26811
3312.803   61.40739
3312.901   47.51112
3312.999   29.98975
3313.097   12.46837
3313.195   -5.94152
3313.292  -22.92979
3313.390  -41.41075
3313.488  -56.08890
3313.585  -68.67018
3313.683  -85.48075
3313.781 -104.99238
3313.879 -120.20364
3313.977 -133.06923
3314.074 -144.19335
3314.172 -157.13003
3314.270 -168.39631
3314.368 -175.25559
3314.465 -180.55110
3314.563 -186.87728
3314.661 -191.95954
3314.759 -194.55398
3314.856 -195.54911
3314.954 -195.97560
3315.052 -196.22438
3315.150 -192.49265
3315.247 -189.47172
3315.345 -187.55254
3315.443 -184.17621
3315.541 -181.26191
3315.638 -175.61099
3315.736 -172.12804
3315.834 -166.90362
3315.932 -161.60811
3316.029 -155.28193
3316.127 -148.88468
3316.225 -143.66025
3316.323 -138.57798
3316.420 -133.63788
3316.518 -127.45386
3316.616 -121.34093
3316.714 -116.11650
3316.811 -112.31369
3316.909 -106.16521
3317.007 -102.25578
3317.105  -99.30593
3317.202  -94.33029
3317.300  -89.95883
3317.398  -87.47101
3317.496  -83.52603
3317.594  -78.44376
3317.691  -76.45351
3317.789  -73.46812
3317.887  -68.70572
3317.984  -65.40047
3318.082  -61.31333
3318.180  -58.54119
3318.278  -56.26661
3318.375  -54.24081
3318.473  -51.71745
3318.571  -49.54949
3318.669  -45.17803
3318.766  -42.29926
3318.864  -40.06022
3318.962  -39.77590
3319.060  -37.46578
3319.157  -32.06365
3319.255  -27.44341
3319.353  -24.70680
3319.451  -23.74721
3319.548  -22.60992
3319.646  -20.47751
3319.744  -16.67469
3319.842  -13.79593
3319.939  -10.77500
3320.037   -8.21610
3320.135   -7.00772
3320.233   -6.04814
3320.330   -5.01747
3320.428   -2.84951
3320.526    1.30871
3320.624    4.47180
3320.721    7.63489
3320.819   10.72689
3320.917   12.39729
3321.015   15.80916
3321.113   18.83009
3321.210   22.84614
3321.308   24.44546
3321.406   26.36463
3321.503   29.98975
3321.601   31.23366
3321.699   35.53404
3321.797   38.91037
3321.895   42.28670
3321.992   45.76965
3322.090   48.93274
3322.188   51.98920
3322.285   56.28958
3322.383   60.76766
3322.481   67.37816
3322.579   74.20190
3322.677   81.23889
3322.774   86.46331
3322.872   90.51491
3322.970   95.17069
3323.067  100.85714
3323.165  107.07670
3323.263  112.26558
3323.361  118.76946
3323.458  126.19739
3323.556  135.86435
3323.654  144.92714
3323.752  153.13695
3323.850  164.40323
3323.947  174.24790
3324.045  185.30094
3324.143  193.90169
3324.240  203.85298
3324.338  214.15968
3324.436  228.23364
3324.534  242.37869
3324.632  255.74185
3324.729  270.56216
3324.827  284.84937
3324.925  300.48711
3325.022  314.13459
3325.120  329.95003
3325.218  343.95292
3325.316  358.31121
3325.414  370.64370
3325.511  381.44795
3325.609  388.59156
3325.707  392.39437
3325.804  397.72542
3325.902  398.47177
3326.000  400.00000
3326.098  392.46545
3326.196  380.73715
3326.293  363.00253
3326.391  340.57659
3326.489  313.99243
3326.587  281.11764
3326.684  245.64840
3326.782  205.45230
3326.880  162.80392
3326.978  116.21056
3327.075   67.30708
3327.173   18.51022
3327.271  -30.21555
3327.369  -76.66675
3327.466 -121.62525
3327.564 -162.39000
3327.662 -196.65086
3327.760 -229.20579
3327.857 -254.11956
3327.955 -276.82982
3328.053 -293.21391
3328.151 -306.57707
3328.248 -312.72554
3328.346 -314.82242
3328.444 -315.71093
3328.542 -311.33947
3328.639 -306.93247
3328.737 -298.97144
3328.835 -292.96513
3328.933 -285.43058
3329.030 -276.01239
3329.128 -266.45205
3329.226 -257.78021
3329.323 -250.06796
3329.421 -239.12154
3329.519 -230.94727
3329.617 -221.63571
3329.715 -213.67468
3329.812 -203.40352
3329.910 -194.62506
3330.008 -187.09052
3330.106 -179.05841
3330.203 -173.08763
3330.301 -166.01511
3330.399 -159.76001
3330.497 -152.72303
3330.594 -146.04145
3330.692 -139.39541
3330.790 -133.81558
3330.888 -129.12426
3330.985 -122.72700
3331.083 -116.86285
3331.181 -111.14086
3331.279 -106.48508
3331.376 -100.15890
3331.474  -94.61461
3331.572  -88.75046
3331.670  -82.95738
3331.767  -77.23539
3331.865  -72.40191
3331.963  -67.92383
3332.061  -62.94819
3332.158  -59.71402
3332.256  -57.75930
3332.354  -56.47985
3332.452  -52.78365
3332.549  -46.74180
3332.647  -41.26859
3332.745  -37.64348
3332.843  -35.65322
3332.940  -31.35284
3333.038  -27.23017
3333.136  -23.35627
3333.234  -18.48725
3333.331  -16.14159
3333.429  -12.48093
3333.527   -8.50042
3333.625   -4.48436
3333.722   -1.64114
3333.820    0.91777
3333.918    2.94356
3334.016    6.46206
3334.114   10.26487
3334.211   14.99173
3334.309   18.15482
3334.407   20.99805
3334.504   23.80573
3334.602   26.61342
3334.700   28.35489
3334.798   30.59393
3334.896   32.33541
3334.993   33.18838
3335.091   34.36121
3335.189   36.81349
3335.286   38.09294
3335.384   40.43860
3335.482   43.13966
3335.580   42.96196
3335.677   43.99263
3335.775   46.05397
3335.873   47.12018
3335.971   48.47071
3336.068   49.28814
3336.166   49.89232
3336.264   49.96341
3336.362   50.03449
3336.459   51.74042
3336.557   52.94879
3336.655   53.65960
3336.753   52.27353
3336.851   49.85678
3336.948   49.11044
3337.046   49.11044
3337.144   49.92787
3337.241   48.61287
3337.339   48.36409
3337.437   47.29788
3337.535   47.22680
3337.633   47.47558
3337.730   46.65816
3337.828   44.95222
3337.926   43.31737
3338.023   42.85534
3338.121   42.53548
3338.219   42.53548
3338.317   41.14941
3338.415   40.22536
3338.512   37.23997
3338.610   34.85877
3338.708   31.73122
3338.805   27.99949
3338.903   24.87194
3339.001   24.44546
3339.099   23.02384
3339.197   22.45520
3339.294   21.88655
3339.392   19.29211
3339.490   15.27605
3339.588   12.04189
3339.685   11.86418
3339.783   13.88998
3339.881   12.53945
3339.979    7.38610
3340.076    2.94356
3340.174   -0.29060
3340.272   -2.42302
3340.370   -4.48436
3340.467   -6.22584
3340.565  -10.20635
3340.663  -14.36457
3340.760  -15.32416
3340.858  -18.98481
3340.956  -20.72629
3341.054  -22.64546
3341.152  -23.74721
3341.249  -22.89425
3341.347  -24.52910
3341.445  -26.05734
3341.542  -27.72773
3341.640  -28.93610
3341.738  -29.25596
3341.836  -29.36258
3341.934  -30.57096
3342.031  -32.20581
3342.129  -33.27202
3342.227  -33.84067
3342.324  -35.43998
3342.422  -38.38983
3342.520  -38.46091
3342.618  -38.99401
3342.716  -39.27833
3342.813  -39.84698
3342.911  -40.87765
3343.009  -42.79683
3343.107  -42.90345
3343.204  -40.13130
3343.302  -38.63861
3343.400  -37.67902
3343.498  -36.32849
3343.595  -36.64835
3343.693  -39.17171
3343.791  -42.15710
3343.889  -41.19751
3343.986  -41.55291
3344.084  -39.95360
3344.182  -38.81631
3344.280  -40.77103
3344.377  -40.41562
3344.475  -39.45604
3344.573  -40.23792
3344.671  -40.55779
3344.768  -37.67902
3344.866  -35.97308
3344.964  -35.75984
3345.062  -35.40444
3345.159  -37.25254
3345.257  -37.46578
3345.355  -36.54173
3345.453  -33.98283
3345.550  -32.81000
3345.648  -32.77446
3345.746  -30.60650
3345.844  -32.20581
3345.941  -33.02324
3346.039  -33.12986
3346.137  -32.88108
3346.235  -32.38351
3346.332  -32.02811
3346.430  -33.34310
3346.528  -33.73404
3346.626  -33.02324
3346.723  -33.34310
3346.821  -33.02324
3346.919  -33.48526
3347.017  -33.37864
3347.115  -32.98770
3347.212  -32.88108
3347.310  -31.88595
3347.408  -31.28176
3347.505  -29.54029
3347.603  -29.36258
3347.701  -29.93123
3347.799  -29.96677
3347.896  -29.18488
3347.994  -28.61624
3348.092  -29.25596
3348.190  -29.32704
3348.287  -29.25596
3348.385  -28.43854
3348.483  -27.26571
3348.581  -27.19463
3348.678  -27.47895
3348.776  -27.97651
3348.874  -27.79881
3348.972  -26.66152
3349.069  -25.16883
3349.167  -25.95071
3349.265  -27.69219
3349.363  -26.83922
3349.460  -25.66639
3349.558  -25.87963
3349.656  -26.55490
3349.754  -28.61624
3349.852  -28.61624
3349.949  -27.15909
3350.047  -26.30612
3350.145  -26.02180
3350.242  -25.23991
3350.340  -23.28519
3350.438  -21.65034
3350.536  -22.68101
3350.634  -23.74721
3350.731  -24.10262
3350.829  -24.06708
3350.927  -22.00574
3351.024  -20.44197
3351.122  -20.26426
3351.220  -21.65034
3351.318  -23.39181
3351.416  -22.43222
3351.513  -21.04615
3351.611  -19.87332
3351.709  -19.87332
3351.806  -20.69075
3351.904  -22.04128
3352.002  -21.40155
3352.100  -20.33534
3352.198  -21.61480
3352.295  -22.00574
3352.393  -23.07195
3352.491  -23.17857
3352.589  -23.35627
3352.686  -21.08169
3352.784  -19.80224
3352.882  -21.65034
3352.979  -21.65034
3353.077  -19.41130
3353.175  -19.44684
3353.273  -19.26913
3353.371  -19.51792
3353.468  -19.26913
3353.566  -20.08656
3353.664  -20.83291
3353.761  -20.54859
3353.859  -19.19805
3353.957  -17.06563
3354.055  -14.47119
3354.153  -16.07051
3354.250  -16.71023
3354.348  -16.03497
3354.446  -15.85726
3354.543  -15.71510
3354.641  -15.82172
3354.739  -15.21754
3354.837  -16.74577
3354.935  -18.48725
3355.032  -17.52766
3355.130  -16.24821
3355.228  -16.49699
3355.325  -15.43078
3355.423  -13.68930
3355.521  -14.32903
3355.619  -15.78618
3355.717  -15.46632
3355.814  -14.47119
3355.912  -13.93809
3356.010  -12.83634
3356.108  -13.97363
3356.205  -14.61335
3356.303  -13.76039
3356.401  -13.12066
3356.499  -13.79593
3356.596  -14.93322
3356.694  -15.25308
3356.792  -14.36457
3356.890  -14.25795
3356.987  -13.76039
3357.085  -14.22241
3357.183  -15.46632
3357.281  -15.46632
3357.378  -14.89768
3357.476  -14.32903
3357.574  -13.01404
3357.672  -12.87188
3357.769  -13.40498
3357.867  -13.26282
3357.965  -13.90255
3358.063  -13.65376
3358.160  -13.90255
3358.258  -13.86701
3358.356  -12.87188
3358.454  -10.88162
3358.551  -11.69905
3358.649  -12.12553
3358.747  -12.05445
3358.845  -12.69418
3358.942  -13.04958
3359.040  -12.55201
3359.138  -11.66351
3359.236  -11.91229
3359.333  -10.45514
3359.431   -9.31785
3359.529   -9.77987
3359.627  -10.27743
3359.724  -10.49068
3359.822   -9.70879
3359.920   -8.74920
3360.018   -8.89136
3360.115   -9.21122
3360.213   -8.89136
3360.311  -10.45514
3360.409  -11.30810
3360.506  -13.22728
3360.604  -12.72972
3360.702  -10.63284
3360.800   -9.14014
3360.897   -8.53596
3360.995   -9.81541
3361.093  -10.02865
3361.191   -9.35339
3361.288   -8.71366
3361.386   -9.67325
3361.484   -8.67812
3361.582   -9.24676
3361.679   -9.28231
3361.777   -9.06906
3361.875   -8.07393
3361.973   -8.92690
3362.070   -9.88649
3362.168   -9.03352
3362.266   -9.49555
3362.364  -10.63284
3362.461   -8.46488
3362.559   -9.03352
3362.657  -10.56176
3362.755  -11.02378
3362.853   -9.21122
3362.950   -7.82515
3363.048   -7.82515
3363.146   -8.74920
3363.243  -10.56176
3363.341  -10.59730
3363.439   -9.24676
3363.537   -8.50042
3363.635   -8.39380
3363.732   -8.25164
3363.830   -8.25164
3363.928   -6.11922
3364.025   -5.97706
3364.123   -6.19030
3364.221   -6.36800
3364.319   -5.72827
3364.417   -5.97706
3364.514   -7.14989
3364.612   -7.50529
3364.710   -8.64258
3364.807   -8.89136
3364.905   -6.90110
3365.003   -6.54570
3365.101   -8.89136
3365.198   -8.89136
3365.296   -7.39867
3365.394   -6.40354
3365.492   -6.68786
3365.590   -5.55057
3365.687   -5.76381
3365.785   -6.47462
3365.883   -5.76381
3365.980   -6.08368
3366.078   -5.90597
3366.176   -7.04327
3366.274   -8.46488
3366.372   -6.22584
3366.469   -5.23071
3366.567   -4.73314
3366.665   -4.16450
3366.762   -5.15963
3366.860   -5.30179
3366.958   -4.66206
3367.056   -5.51503
3367.154   -4.62652
3367.251   -3.34707
3367.349   -2.88505
3367.447   -3.73802
3367.544   -5.51503
3367.642   -4.73314
3367.740   -4.23558
3367.838   -4.73314
3367.936   -4.69760
3368.033   -4.80423
3368.131   -4.73314
3368.229   -5.19517
3368.326   -5.62165
3368.424   -6.90110
3368.522   -7.64745
3368.620   -8.32272
3368.718   -7.89623
3368.815   -4.44882
3368.913   -1.46344
3369.011   -1.49898
3369.109   -2.74289
3369.206   -4.41328
3369.304   -5.30179
3369.402   -5.72827
3369.500   -5.33733
3369.597   -5.23071
3369.695   -5.69273
3369.793   -7.14989
3369.891   -7.11435
3369.988   -5.23071
3370.086   -5.15963
3370.184   -5.72827
3370.281   -5.47949
3370.379   -3.63139
3370.477   -3.52477
3370.575   -4.44882
3370.673   -4.48436
3370.770   -3.13383
3370.868   -2.38748
3370.966   -4.09342
3371.063   -5.79935
3371.161   -7.50529
3371.259   -8.25164
3371.357   -6.68786
3371.455   -4.80423
3371.552   -3.59585
3371.650   -1.71222
3371.748   -0.57493
3371.846   -1.85438
3371.943   -3.45369
3372.041   -3.63139
3372.139   -2.38748
3372.237   -3.84464
3372.334   -7.07881
3372.432   -7.00772
3372.530   -5.40841
3372.628   -4.30666
3372.725   -5.05301
3372.823   -3.24045
3372.921   -1.49898
3373.019   -1.78330
3373.116   -3.56031
3373.214   -4.87531
3373.312   -5.97706
3373.410   -4.12896
3373.507   -2.77843
3373.605   -3.73802
3373.703   -2.92059
3373.801   -2.13870
3373.898   -2.42302
3373.996   -2.28086
3374.094   -4.34220
3374.192   -5.23071
3374.289   -3.88018
3374.387   -2.38748
3374.485   -2.35194
3374.583   -3.88018
3374.680   -4.55544
3374.778   -4.37774
3374.876   -5.15963
3374.974   -4.59098
3375.071   -4.23558
3375.169   -4.02234
3375.267   -3.09829
3375.365   -3.02721
3375.462   -3.84464
3375.560   -0.61047
3375.658    0.88223
3375.756   -0.75263
3375.854   -1.32127
3375.951   -1.39235
3376.049   -2.95613
3376.147   -3.77356
3376.244   -4.66206
3376.342   -5.19517
3376.440   -4.41328
3376.538   -4.16450
3376.635   -4.51990
3376.733   -4.83977
3376.831   -5.69273
3376.929   -4.94639
3377.026   -5.44395
3377.124   -5.01747
3377.222   -5.51503
3377.320   -3.24045
3377.417   -1.60560
3377.515   -3.06275
3377.613   -4.30666
3377.711   -2.92059
