3276.244   -1.51406
3276.342   -0.26453
3276.440    0.56848
3276.538    0.37916
3276.635   -1.51406
3276.733   -1.47619
3276.831    0.83353
3276.929    2.84035
3277.026    2.46170
3277.124    2.80248
3277.222    2.57530
3277.320    1.28791
3277.417    0.79567
3277.515    1.06072
3277.613    1.28791
3277.711    1.85587
3277.808    0.49275
3277.906    0.64421
3278.004    0.53062
3278.102    0.15198
3278.199    2.42384
3278.297    1.78014
3278.395   -0.07521
3278.493    0.15198
3278.590   -0.26453
3278.688   -3.25582
3278.786   -4.61894
3278.884   -3.33155
3278.981   -2.42280
3279.079   -1.40046
3279.177   -2.68785
3279.275   -0.98396
3279.373    1.13645
3279.470    0.49275
3279.568    0.07625
3279.666    0.07625
3279.763    2.65103
3279.861    4.80930
3279.959    4.58211
3280.057    2.87821
3280.155    1.09859
3280.252    0.49275
3280.350   -1.77911
3280.448   -0.56745
3280.545    0.03838
3280.643    0.22770
3280.741    1.85587
3280.839    1.55296
3280.937    0.26557
3281.034   -0.98396
3281.132   -1.24901
3281.230   -0.71891
3281.327   -0.26453
3281.425   -0.11308
3281.523    1.06072
3281.621    0.56848
3281.719   -0.30240
3281.816    0.11411
3281.914   -0.03735
3282.012   -0.37813
3282.109   -1.17328
3282.207   -1.74124
3282.305   -1.13541
3282.403    0.07625
3282.500    1.06072
3282.598    1.78014
3282.696    1.81801
3282.794    2.99180
3282.892    3.55977
3282.989    0.98499
3283.087    0.87140
3283.185    1.74228
3283.282    1.25004
3283.380   -0.90823
3283.478   -1.74124
3283.576   -1.77911
3283.674   -2.72572
3283.771   -3.14223
3283.869   -2.46067
3283.967    0.30343
3284.064    0.79567
3284.162   -0.64318
3284.260   -1.74124
3284.358   -1.96843
3284.456   -2.30921
3284.553   -0.56745
3284.651   -0.71891
3284.749   -0.79463
3284.846    1.02286
3284.944    2.08306
3285.042    0.64421
3285.140    0.07625
3285.238   -1.13541
3285.335   -1.85484
3285.433   -1.47619
3285.531   -0.41599
3285.629    0.41703
3285.726   -0.07521
3285.824    0.53062
3285.922    0.83353
3286.020   -0.60531
3286.117   -2.34707
3286.215   -2.15775
3286.313   -2.19562
3286.411   -0.41599
3286.508    0.87140
3286.606   -0.15094
3286.704    0.11411
3286.802    1.28791
3286.899    1.09859
3286.997    1.74228
3287.095    1.62869
3287.193    0.34130
3287.290   -0.56745
3287.388   -0.15094
3287.486    1.09859
3287.583    1.06072
3287.681    0.71994
3287.779    1.74228
3287.877    0.90926
3287.975    0.45489
3288.072    0.94713
3288.170   -0.03735
3288.268   -1.09755
3288.365   -1.28687
3288.463   -0.30240
3288.561    0.18984
3288.659   -0.60531
3288.757    0.41703
3288.854    1.28791
3288.952    2.80248
3289.050    2.68889
3289.148   -0.26453
3289.245   -1.85484
3289.343   -2.30921
3289.441   -2.91504
3289.539   -2.57426
3289.636   -1.09755
3289.734   -1.81697
3289.832   -0.18880
3289.930    0.90926
3290.027    1.17431
3290.125    0.53062
3290.223    0.30343
3290.321    0.15198
3290.418    0.60635
3290.516   -0.83250
3290.614   -3.18009
3290.712   -2.83931
3290.809   -2.64999
3290.907   -1.51406
3291.005   -2.19562
3291.103   -2.23348
3291.200   -1.17328
3291.298    0.45489
3291.396    1.21218
3291.494    1.09859
3291.591    1.93160
3291.689    1.96947
3291.787    0.90926
3291.885    2.57530
3291.982    0.34130
3292.080   -1.43833
3292.178   -1.36260
3292.276   -2.15775
3292.374   -2.23348
3292.471   -2.34707
3292.569   -2.83931
3292.667   -0.98396
3292.764   -0.60531
3292.862   -0.49172
3292.960    1.89374
3293.058    2.15879
3293.156    2.00733
3293.253    3.86269
3293.351    5.60445
3293.449    5.79377
3293.546    5.56658
3293.644    5.64231
3293.742    3.74909
3293.840    2.68889
3293.938    2.12092
3294.035    2.53743
3294.133    3.40831
3294.231    2.76462
3294.328    1.74228
3294.426    1.81801
3294.524    1.74228
3294.622    3.93841
3294.719    3.02967
3294.817    1.06072
3294.915   -0.07521
3295.013    0.56848
3295.110    1.55296
3295.208    2.80248
3295.306    2.91608
3295.404    2.57530
3295.501    2.31025
3295.599    3.67336
3295.697    3.44618
3295.795    1.13645
3295.893    0.49275
3295.990   -0.41599
3296.088   -2.23348
3296.186   -2.38494
3296.283   -1.89270
3296.381   -0.34026
3296.479    1.66655
3296.577    4.05201
3296.675    2.76462
3296.772    0.98499
3296.870   -1.05969
3296.968   -1.05969
3297.065    1.09859
3297.163    1.13645
3297.261    2.19665
3297.359    1.55296
3297.457    2.27238
3297.554    3.25686
3297.652    4.58211
3297.750    5.60445
3297.847    4.80930
3297.945    2.84035
3298.043    0.53062
3298.141   -0.83250
3298.239    0.15198
3298.336   -0.30240
3298.434   -0.45386
3298.532   -0.75677
3298.630    0.64421
3298.727    1.74228
3298.825    3.02967
3298.923    4.20347
3299.021    4.39279
3299.118    3.97628
3299.216    4.05201
3299.314    4.27919
3299.412    4.27919
3299.509    3.52191
3299.607    1.62869
3299.705    2.00733
3299.802    4.43065
3299.900    4.61997
3299.998    4.24133
3300.096    2.34811
3300.194    1.40150
3300.291    1.59082
3300.389    3.02967
3300.487    4.16560
3300.584    4.08987
3300.682    3.40831
3300.780    6.43747
3300.878    7.68699
3300.976    7.91418
3301.073    6.92970
3301.171    3.93841
3301.269    1.96947
3301.366    1.28791
3301.464    1.13645
3301.562    0.64421
3301.660    0.26557
3301.758    0.83353
3301.855    2.84035
3301.953    4.43065
3302.051    3.82482
3302.149    2.38597
3302.246    1.55296
3302.344    2.23452
3302.442    2.15879
3302.540    1.51509
3302.637    2.34811
3302.735    2.42384
3302.833    3.06753
3302.931    4.43065
3303.028    3.29472
3303.126    2.57530
3303.224    4.08987
3303.322    2.15879
3303.419    0.11411
3303.517   -2.00630
3303.615   -2.46067
3303.713   -0.30240
3303.810    2.00733
3303.908    3.63550
3304.006    4.39279
3304.104    4.35492
3304.201    3.06753
3304.299    3.21899
3304.397    3.97628
3304.495    6.05882
3304.592    7.19475
3304.690    5.90736
3304.788    4.50638
3304.886    2.15879
3304.983    3.63550
3305.081    4.84716
3305.179    6.51319
3305.277    8.82292
3305.375    9.73167
3305.472    8.40641
3305.570    6.02096
3305.668    7.80058
3305.765    7.38407
3305.863    5.56658
3305.961    6.70252
3306.059    9.08797
3306.156   10.75401
3306.254    9.61807
3306.352    8.21709
3306.450   10.03458
3306.547   10.52682
3306.645   10.41323
3306.743   11.24624
3306.841   10.60255
3306.938   10.11031
3307.036    9.58021
3307.134   10.98119
3307.232   12.83655
3307.329   13.36665
3307.427   14.19967
3307.525   15.86570
3307.623   19.19777
3307.720   20.44729
3307.818   21.28031
3307.916   23.17353
3308.014   24.53665
3308.111   25.55899
3308.209   25.71044
3308.307   27.49007
3308.405   29.34542
3308.502   32.37458
3308.600   34.83576
3308.698   35.97169
3308.796   37.10763
3308.894   41.19698
3308.991   43.35525
3309.089   45.05915
3309.187   46.15722
3309.284   46.87664
3309.382   46.76305
3309.480   45.51352
3309.578   45.39993
3309.676   49.75433
3309.773   56.68352
3309.871   60.92433
3309.969   66.86904
3310.066   71.82928
3310.164   78.34195
3310.262   87.08863
3310.360   96.17608
3310.458  111.85194
3310.555  126.95984
3310.653  140.17451
3310.751  158.19797
3310.848  177.16803
3310.946  198.18277
3311.044  217.94798
3311.142  240.74235
3311.240  263.99109
3311.337  285.72525
3311.435  303.74870
3311.533  320.63623
3311.631  332.26060
3311.728  335.59266
3311.826  330.93534
3311.924  317.30416
3312.021  295.11562
3312.119  260.50756
3312.217  216.96351
3312.315  163.04461
3312.413  103.40818
3312.510   40.59115
3312.608  -22.79385
3312.706  -83.56620
3312.803 -144.86866
3312.901 -200.71865
3312.999 -247.70836
3313.097 -285.38344
3313.195 -310.37394
3313.292 -324.49736
3313.390 -328.62458
3313.488 -325.40610
3313.585 -315.86428
3313.683 -300.26414
3313.781 -281.93778
3313.879 -260.20361
3313.977 -236.76555
3314.074 -213.66827
3314.172 -189.96516
3314.270 -167.73876
3314.367 -150.24541
3314.465 -132.78992
3314.563 -115.25870
3314.661  -97.34885
3314.759  -85.23224
3314.856  -77.65936
3314.954  -67.66316
3315.052  -58.19706
3315.150  -50.62418
3315.247  -46.04259
3315.345  -42.40761
3315.443  -38.84835
3315.541  -36.69008
3315.638  -36.91727
3315.736  -35.89493
3315.834  -34.19103
3315.932  -31.50266
3316.029  -32.29781
3316.127  -33.20656
3316.225  -31.38907
3316.323  -27.60263
3316.420  -25.67154
3316.518  -24.45988
3316.616  -23.96765
3316.714  -24.08124
3316.811  -21.12782
3316.909  -20.86276
3317.007  -22.98317
3317.104  -21.65792
3317.202  -17.68216
3317.300  -14.31222
3317.398  -11.81317
3317.496  -11.88890
3317.593  -11.96463
3317.691  -11.43453
3317.789   -9.69277
3317.887   -7.98887
3317.984   -7.19372
3318.082   -6.39857
3318.180   -6.77721
3318.278   -7.15585
3318.375   -7.57236
3318.473   -8.25392
3318.571   -8.25392
3318.669   -5.64128
3318.766   -2.80145
3318.864   -2.76358
3318.962   -2.38494
3319.060   -0.56745
3319.157   -0.34026
3319.255    0.07625
3319.353    0.45489
3319.451    2.19665
3319.548    2.19665
3319.646    1.32577
3319.744    2.65103
3319.842    2.08306
3319.939    1.96947
3320.037    3.48404
3320.135    5.15008
3320.233    5.49086
3320.330    6.39960
3320.428    8.52001
3320.526    9.05011
3320.624    6.92970
3320.721    4.99862
3320.819    2.68889
3320.917    3.63550
3321.015    6.62679
3321.112    8.97438
3321.210    8.74719
3321.308    9.01224
3321.406    7.30835
3321.503    8.14136
3321.601   10.18604
3321.699   10.41323
3321.797   12.00353
3321.895   12.15499
3321.992   12.34431
3322.090   13.85889
3322.188   15.60065
3322.285   16.73658
3322.383   17.68319
3322.481   21.28031
3322.579   24.00654
3322.677   25.40753
3322.774   27.18715
3322.872   29.00465
3322.970   30.21631
3323.067   29.30756
3323.165   31.08719
3323.263   33.24546
3323.361   35.97169
3323.458   37.18335
3323.556   37.18335
3323.654   37.37268
3323.752   38.20569
3323.849   39.26590
3323.947   40.28824
3324.045   43.69603
3324.143   49.90579
3324.240   54.37379
3324.338   58.00877
3324.436   65.61952
3324.534   74.59338
3324.632   86.55853
3324.729  102.31012
3324.827  119.19764
3324.925  137.67546
3325.022  159.33390
3325.120  183.11274
3325.218  207.68673
3325.316  233.81316
3325.414  264.44546
3325.511  296.21369
3325.609  325.67219
3325.707  355.35788
3325.804  377.01631
3325.902  394.69898
3326.000  400.00000
3326.098  395.34268
3326.196  380.42411
3326.293  351.41998
3326.391  309.27691
3326.489  257.55414
3326.586  196.06236
3326.684  124.87730
3326.782   52.06406
3326.880  -22.83171
3326.978  -93.63813
3327.075 -160.50666
3327.173 -220.29454
3327.271 -269.55612
3327.368 -305.33797
3327.466 -332.90325
3327.564 -346.08006
3327.662 -352.59274
3327.760 -348.23833
3327.857 -334.94793
3327.955 -317.30312
3328.053 -295.00099
3328.151 -271.75225
3328.248 -245.36077
3328.346 -220.37027
3328.444 -198.21960
3328.542 -176.78835
3328.639 -155.09205
3328.737 -137.22005
3328.835 -120.33253
3328.933 -104.05084
3329.030  -88.37498
3329.128  -80.00695
3329.226  -73.94865
3329.323  -68.49618
3329.421  -64.02818
3329.519  -57.66696
3329.617  -49.63971
3329.715  -46.19405
3329.812  -42.74839
3329.910  -38.46971
3330.008  -40.09788
3330.105  -39.22700
3330.203  -38.20466
3330.301  -36.08425
3330.399  -34.75900
3330.497  -34.22890
3330.594  -32.60073
3330.692  -28.96575
3330.790  -28.01914
3330.888  -26.35310
3330.985  -24.95212
3331.083  -25.86086
3331.181  -25.93659
3331.279  -24.23270
3331.376  -22.98317
3331.474  -18.17439
3331.572  -13.47921
3331.670  -10.75297
3331.767   -9.23840
3331.865   -9.50345
3331.963   -8.63256
3332.061   -8.74616
3332.158  -10.45006
3332.256   -9.57917
3332.354   -9.38985
3332.452   -8.40538
3332.549   -5.18690
3332.647   -3.40728
3332.745   -4.35389
3332.843   -5.41409
3332.940   -4.65680
3333.038   -3.25582
3333.136   -1.21114
3333.234    0.87140
3333.331    0.26557
3333.429    0.79567
3333.527    1.25004
3333.625    1.32577
3333.722    4.65784
3333.820    3.02967
3333.918    0.45489
3334.016   -2.23348
3334.113   -3.33155
3334.211   -2.34707
3334.309    0.87140
3334.407    5.18794
3334.504    8.48214
3334.602    9.05011
3334.700    7.49767
3334.798    6.28601
3334.896    8.10350
3334.993    9.76953
3335.091   11.28411
3335.189   11.05692
3335.286   10.18604
3335.384   10.71614
3335.482   10.48896
3335.580    9.35302
3335.677   11.24624
3335.775   13.36665
3335.873   14.88123
3335.971   14.91909
3336.068   17.03950
3336.166   17.60746
3336.264   15.78997
3336.362   16.54726
3336.459   21.39390
3336.557   23.28712
3336.655   25.97549
3336.753   24.38519
3336.850   24.99102
3336.948   27.86871
3337.046   30.06485
3337.144   31.88234
3337.241   33.92702
3337.339   36.27461
3337.437   38.16783
3337.535   41.76495
3337.633   46.30867
3337.730   50.54949
3337.828   55.09321
3337.926   59.29616
3338.023   64.93796
3338.121   69.51955
3338.219   74.70697
3338.317   79.47789
3338.415   85.95270
3338.512   91.82168
3338.610   98.25863
3338.708  105.68005
3338.805  108.93639
3338.903  110.14805
3339.001  111.92767
3339.099  111.58689
3339.197  108.63347
3339.294  107.61113
3339.392  106.09656
3339.490  103.71110
3339.587   97.72852
3339.685   92.08673
3339.783   84.28666
3339.881   76.86524
3339.979   69.02731
3340.076   62.02240
3340.174   56.11555
3340.272   46.76305
3340.370   37.33481
3340.467   26.99783
3340.565   19.87933
3340.663   15.25987
3340.760    9.61807
3340.858    1.43936
3340.956   -6.92867
3341.054  -11.62385
3341.152  -16.47049
3341.249  -22.98317
3341.347  -29.91236
3341.445  -33.09296
3341.542  -37.78815
3341.640  -43.05130
3341.738  -47.40571
3341.836  -50.28340
3341.934  -55.54655
3342.031  -61.64272
3342.129  -62.62719
3342.227  -64.74760
3342.324  -68.11753
3342.422  -71.94184
3342.520  -74.70594
3342.618  -74.51661
3342.716  -75.38750
3342.813  -77.24285
3342.911  -77.28072
3343.009  -78.49238
3343.106  -77.84868
3343.204  -76.14478
3343.302  -74.78166
3343.400  -75.61468
3343.498  -75.72827
3343.595  -75.50109
3343.693  -72.96417
3343.791  -67.96607
3343.889  -65.42916
3343.986  -65.39129
3344.084  -64.97479
3344.182  -62.40001
3344.280  -56.90967
3344.377  -55.01645
3344.475  -54.48635
3344.573  -53.00964
3344.671  -49.60184
3344.768  -46.61055
3344.866  -42.97557
3344.964  -41.53673
3345.062  -41.46100
3345.159  -38.50757
3345.257  -36.61435
3345.355  -36.87940
3345.453  -37.90174
3345.550  -35.89493
3345.648  -33.66093
3345.746  -32.67646
3345.844  -31.61625
3345.941  -28.77642
3346.039  -26.05019
3346.137  -26.12592
3346.235  -23.85405
3346.332  -23.13463
3346.430  -22.22588
3346.528  -23.17249
3346.626  -22.22588
3346.723  -20.52199
3346.821  -18.96954
3346.919  -20.10548
3347.017  -20.48412
3347.114  -20.33266
3347.212  -21.12782
3347.310  -18.59090
3347.408  -16.62195
3347.505  -15.22097
3347.603  -13.25202
3347.701  -11.96463
3347.799  -11.85104
3347.896  -11.20734
3347.994  -10.56365
3348.092  -13.21416
3348.190  -13.51707
3348.287  -10.10928
3348.385   -9.01121
3348.483   -9.57917
3348.581  -12.07822
3348.678  -13.59280
3348.776  -12.30541
3348.874   -9.31412
3348.972   -8.63256
3349.069  -10.41219
3349.167  -10.03355
3349.265   -9.42772
3349.363   -8.82189
3349.460   -7.00440
3349.558   -4.92185
3349.656   -3.82379
3349.754   -3.44514
3349.851   -4.16457
3349.949   -5.52768
3350.047   -7.45877
3350.145   -6.28497
3350.242   -6.09565
3350.340   -7.91314
3350.438   -6.85294
3350.536   -5.64128
3350.634   -4.73253
3350.731   -5.33836
3350.829   -6.92867
3350.927   -9.65490
3351.024   -8.82189
3351.122   -6.81507
3351.220   -5.90633
3351.318   -6.77721
3351.416   -7.15585
3351.513   -6.58789
3351.611   -6.89080
3351.709   -4.99758
3351.806   -4.58107
3351.904   -4.80826
3352.002   -4.73253
3352.100   -4.92185
3352.198   -4.77040
3352.295   -5.26263
3352.393   -6.39857
3352.491   -8.59470
3352.588   -8.40538
3352.686   -6.13351
3352.784   -3.06650
3352.882   -3.21796
3352.979   -3.06650
3353.077   -1.96843
3353.175   -0.98396
3353.273    1.21218
3353.371    1.47723
3353.468    0.90926
3353.566   -0.94609
3353.664   -4.77040
3353.761   -6.05779
3353.859   -6.92867
3353.957   -7.95101
3354.055   -8.17819
3354.153   -9.31412
3354.250   -8.17819
3354.348   -8.32965
3354.446   -7.53450
3354.543   -6.13351
3354.641   -5.11118
3354.739   -6.09565
3354.837   -4.58107
3354.935   -2.15775
3355.032   -4.35389
3355.130   -5.18690
3355.228   -5.48982
3355.325   -6.28497
3355.423   -5.14904
3355.521   -3.29368
3355.619   -3.55874
3355.717   -5.98206
3355.814   -4.58107
3355.912   -3.86165
3356.010   -3.89952
3356.107   -5.86846
3356.205   -4.24029
3356.303   -4.12670
3356.401   -4.35389
3356.499   -2.61213
3356.596   -0.75677
3356.694    0.83353
3356.792    0.75781
3356.890   -2.91504
3356.987   -4.95972
3357.085   -6.13351
3357.183   -5.11118
3357.281   -4.46748
3357.378   -5.07331
3357.476   -4.73253
3357.574   -6.24711
3357.672   -5.64128
3357.769   -3.52087
3357.867   -3.52087
3357.965   -4.05097
3358.063   -3.48301
3358.160   -2.15775
3358.258   -3.21796
3358.356   -6.05779
3358.454   -7.68595
3358.551   -6.01992
3358.649   -4.08884
3358.747   -4.08884
3358.844   -4.92185
3358.942   -4.95972
3359.040   -4.12670
3359.138   -3.06650
3359.236   -0.60531
3359.333   -2.61213
3359.431   -3.14223
3359.529   -2.15775
3359.627   -1.70338
3359.724   -1.81697
3359.822   -2.15775
3359.920   -6.39857
3360.018   -6.70148
3360.115   -5.64128
3360.213   -4.31602
3360.311   -2.34707
3360.409   -2.23348
3360.506   -2.08202
3360.604   -2.46067
3360.702   -3.59660
3360.800   -2.95291
3360.897   -0.79463
3360.995    0.60635
3361.093   -1.24901
3361.191   -3.18009
3361.288   -4.95972
3361.386   -5.14904
3361.484   -4.61894
3361.582   -6.05779
3361.679   -6.28497
3361.777   -5.52768
3361.875   -2.87718
3361.973   -3.10436
3362.070   -4.35389
3362.168   -5.48982
3362.266   -4.12670
3362.364   -4.95972
3362.461   -4.80826
3362.559   -4.58107
3362.657   -3.06650
3362.755   -2.34707
3362.852   -2.49853
3362.950   -4.42962
3363.048   -5.33836
3363.146   -4.65680
3363.243   -0.94609
3363.341   -1.51406
3363.439   -1.74124
3363.537   -1.81697
3363.635   -2.00630
3363.732   -2.23348
3363.830   -3.14223
3363.928   -5.83060
3364.025   -4.88399
3364.123   -3.74806
3364.221   -2.27135
3364.319   -2.91504
3364.417   -4.35389
3364.514   -5.67914
3364.612   -5.79273
3364.710   -4.27816
3364.807   -4.80826
3364.905   -4.50535
3365.003   -3.29368
3365.101   -1.43833
3365.198   -1.13541
3365.296   -2.30921
3365.394   -2.53640
3365.492   -3.29368
3365.589   -5.75487
3365.687   -6.55002
3365.785   -6.13351
3365.883   -5.75487
3365.980   -6.43643
3366.078   -6.66362
3366.176   -8.44324
3366.274   -8.10246
3366.372   -5.37623
3366.469   -4.35389
3366.567   -4.54321
3366.665   -3.82379
3366.762   -3.10436
3366.860   -1.85484
3366.958   -3.02863
3367.056   -5.45196
3367.154   -6.51216
3367.251   -5.22477
3367.349   -2.72572
3367.447   -1.62765
3367.544   -2.30921
3367.642   -4.12670
3367.740   -6.77721
3367.838   -6.39857
3367.936   -4.61894
3368.033   -3.14223
3368.131   -3.21796
3368.229   -2.19562
3368.326   -4.20243
3368.424   -5.98206
3368.522   -7.95101
3368.620   -8.82189
3368.718   -6.73934
3368.815   -5.07331
3368.913   -4.77040
3369.011   -3.89952
3369.108   -3.97524
3369.206   -2.95291
3369.304   -5.22477
3369.402   -5.94419
3369.500   -4.73253
3369.597   -4.50535
3369.695   -5.86846
3369.793   -6.73934
3369.891   -6.62575
3369.988   -6.05779
3370.086   -5.30050
3370.184   -6.81507
3370.281   -5.26263
3370.379   -4.16457
3370.477   -2.53640
3370.575   -4.35389
3370.673   -4.92185
3370.770   -5.56555
3370.868   -4.50535
3370.966   -5.18690
3371.063   -4.61894
3371.161   -3.82379
3371.259   -2.08202
3371.357   -3.21796
3371.455   -4.69467
3371.552   -3.89952
3371.650   -3.44514
3371.748   -4.50535
3371.845   -5.30050
3371.943   -4.27816
3372.041   -4.01311
3372.139   -4.77040
3372.237   -5.75487
3372.334   -6.58789
3372.432   -5.60341
3372.530   -6.01992
3372.628   -6.55002
3372.725   -6.70148
3372.823   -5.64128
3372.921   -5.07331
3373.019   -3.33155
3373.116   -4.24029
3373.214   -4.80826
3373.312   -4.20243
3373.410   -5.14904
3373.507   -5.18690
3373.605   -5.79273
3373.703   -4.12670
3373.801   -3.82379
3373.898   -5.75487
3373.996   -6.55002
3374.094   -4.31602
3374.192   -2.61213
3374.289   -3.97524
3374.387   -3.29368
3374.485   -2.42280
3374.583   -4.46748
3374.680   -5.45196
3374.778   -4.01311
3374.876   -4.39175
3374.974   -6.13351
3375.071   -4.08884
3375.169   -3.89952
3375.267   -3.74806
3375.365   -3.52087
3375.462   -1.93057
3375.560   -2.91504
3375.658   -5.48982
3375.756   -4.54321
3375.853   -4.69467
3375.951   -5.26263
3376.049   -6.20924
3376.147   -9.01121
3376.244   -8.44324
