3277.026   -0.32258
3277.124   -0.34623
3277.222   -0.58271
3277.320   -1.12663
3277.417   -0.39353
3277.515   -0.10974
3277.613    0.05580
3277.711    0.69431
3277.808    0.24498
3277.906   -0.32258
3278.004   -0.39353
3278.102   -0.39353
3278.199   -0.10974
3278.297   -0.03880
3278.395    0.55242
3278.493    0.31593
3278.590   -0.67731
3278.688   -0.91379
3278.786   -0.29893
3278.884    0.26863
3278.981    0.62336
3279.079    0.57606
3279.177    0.50512
3279.275   -0.01515
3279.372    0.24498
3279.470    0.22134
3279.568    0.74160
3279.666    0.93079
3279.763    0.69431
3279.861    0.38688
3279.959    0.67066
3280.057    0.69431
3280.155    0.55242
3280.252    0.19769
3280.350    0.50512
3280.448    0.17404
3280.545    0.00850
3280.643   -0.18069
3280.741   -0.18069
3280.839   -0.48812
3280.937   -0.55907
3281.034   -0.10974
3281.132   -0.18069
3281.230   -0.46447
3281.327   -0.27528
3281.425   -0.29893
3281.523   -0.55907
3281.621   -0.41718
3281.719   -0.34623
3281.816   -0.70096
3281.914   -0.39353
3282.012   -0.36988
3282.109   -0.34623
3282.207   -0.03880
3282.305    0.31593
3282.403   -0.01515
3282.500   -1.05569
3282.598   -1.41041
3282.696   -1.00839
3282.794   -0.29893
3282.891   -0.25164
3282.989    0.15039
3283.087   -0.08610
3283.185    0.31593
3283.282    0.38688
3283.380    0.64701
3283.478    0.31593
3283.576    0.38688
3283.674    0.62336
3283.771   -0.20434
3283.869   -1.10298
3283.967   -1.93068
3284.064   -2.04892
3284.162   -1.90703
3284.260   -1.03204
3284.358   -0.34623
3284.456   -0.13339
3284.553    0.57606
3284.651    0.83620
3284.749    0.05580
3284.846   -0.15704
3284.944   -0.22799
3285.042   -0.93744
3285.140   -1.10298
3285.238   -0.93744
3285.335   -1.17393
3285.433   -1.52866
3285.531   -1.26852
3285.628   -0.86650
3285.726   -1.00839
3285.824   -0.13339
3285.922    0.31593
3286.020    0.19769
3286.117    0.31593
3286.215    0.15039
3286.313   -0.29893
3286.411   -0.01515
3286.508    0.76525
3286.606   -0.41718
3286.704   -1.31582
3286.802   -0.67731
3286.899   -0.48812
3286.997   -0.84285
3287.095   -0.03880
3287.193    0.29228
3287.290   -0.03880
3287.388    0.29228
3287.486    0.97809
3287.583    0.71796
3287.681    0.55242
3287.779   -0.51177
3287.877   -1.97798
3287.975   -1.33947
3288.072   -0.72461
3288.170   -0.79555
3288.268   -0.27528
3288.365    0.17404
3288.463    0.74160
3288.561    0.31593
3288.659    0.50512
3288.757    0.24498
3288.854    0.59971
3288.952    0.69431
3289.050    0.03215
3289.147    0.19769
3289.245   -0.34623
3289.343   -0.25164
3289.441    0.55242
3289.539    0.41052
3289.636   -0.67731
3289.734   -1.10298
3289.832   -1.17393
3289.930   -0.51177
3290.027   -0.27528
3290.125   -0.72461
3290.223   -0.96109
3290.321   -0.79555
3290.418   -1.03204
3290.516   -1.05569
3290.614    0.00850
3290.712    0.33958
3290.809   -0.03880
3290.907   -0.55907
3291.005   -1.31582
3291.103   -1.57595
3291.200   -1.43406
3291.298   -1.15028
3291.396   -0.55907
3291.494   -0.60636
3291.591   -0.58271
3291.689   -0.34623
3291.787   -0.29893
3291.885    0.15039
3291.982    0.64701
3292.080    0.76525
3292.178    0.22134
3292.276    0.38688
3292.373    0.38688
3292.471   -0.08610
3292.569   -0.74825
3292.667   -0.74825
3292.764   -0.89015
3292.862   -0.89015
3292.960   -1.67055
3293.058   -0.98474
3293.156    0.03215
3293.253   -0.13339
3293.351    0.12674
3293.449    0.76525
3293.546    1.56930
3293.644    1.92403
3293.742    0.90714
3293.840    0.52877
3293.938    0.97809
3294.035    0.76525
3294.133    0.38688
3294.231    0.50512
3294.328    1.35647
3294.426    1.49836
3294.524    0.78890
3294.622    0.15039
3294.719    0.26863
3294.817    0.69431
3294.915    1.35647
3295.013    1.07268
3295.110    0.83620
3295.208    1.07268
3295.306    1.07268
3295.404    0.45782
3295.501   -0.08610
3295.599   -0.08610
3295.697    0.15039
3295.795    0.24498
3295.892   -0.08610
3295.990   -0.03880
3296.088    0.29228
3296.186    1.09633
3296.283    0.48147
3296.381    0.43417
3296.479    0.55242
3296.577    0.74160
3296.675    0.50512
3296.772    0.10309
3296.870   -0.03880
3296.968    0.48147
3297.065    0.57606
3297.163    0.48147
3297.261    0.76525
3297.359    0.12674
3297.457   -0.58271
3297.554   -0.89015
3297.652   -1.38677
3297.750   -0.48812
3297.847   -0.25164
3297.945   -0.22799
3298.043   -0.13339
3298.141   -0.10974
3298.239    0.71796
3298.336    0.24498
3298.434   -0.01515
3298.532   -0.60636
3298.629    0.03215
3298.727    0.43417
3298.825    0.41052
3298.923    0.19769
3299.021   -0.13339
3299.118    0.38688
3299.216    1.04903
3299.314    1.02539
3299.412    0.31593
3299.509    0.85985
3299.607    1.26187
3299.705    1.45106
3299.802    1.33282
3299.900    0.48147
3299.998   -0.27528
3300.096   -0.03880
3300.194    0.81255
3300.291    1.90038
3300.389    1.52201
3300.487    1.42741
3300.584    1.30917
3300.682    2.23146
3300.780    2.60984
3300.878    2.16052
3300.976    1.73484
3301.073    1.71119
3301.171    1.68755
3301.269    1.14363
3301.366    0.76525
3301.464    0.97809
3301.562    1.28552
3301.660    0.78890
3301.758    0.88349
3301.855    1.30917
3301.953    1.30917
3302.051    0.81255
3302.148    0.52877
3302.246    0.12674
3302.344    0.64701
3302.442    1.33282
3302.540    1.52201
3302.637    1.04903
3302.735    1.40376
3302.833    1.94768
3302.931    1.82944
3303.028    1.16728
3303.126    0.93079
3303.224    1.28552
3303.322    2.01863
3303.419    1.85309
3303.517    1.30917
3303.615    1.16728
3303.713    2.30241
3303.810    3.03551
3303.908    3.29565
3304.006    2.89362
3304.104    2.42065
3304.201    2.34970
3304.299    2.23146
3304.397    1.94768
3304.495    3.01186
3304.592    3.48483
3304.690    3.46119
3304.788    3.98145
3304.885    4.54902
3304.983    4.05240
3305.081    3.86321
3305.179    3.76862
3305.277    3.93416
3305.374    3.93416
3305.472    4.85645
3305.570    5.96793
3305.668    6.48820
3305.765    7.36320
3305.863    6.79563
3305.961    7.24495
3306.059    7.59968
3306.156    7.83617
3306.254    8.23819
3306.352    8.14360
3306.450    9.08954
3306.547    9.82265
3306.645   10.39021
3306.743   10.43751
3306.841   10.86318
3306.938   11.05237
3307.036   11.28885
3307.134   12.80236
3307.232   13.91384
3307.329   14.62330
3307.427   15.75843
3307.525   16.72802
3307.623   18.38342
3307.720   19.66044
3307.818   20.96111
3307.916   23.04218
3308.014   25.17055
3308.111   26.30568
3308.209   27.15703
3308.307   28.48135
3308.405   29.82931
3308.502   32.07593
3308.600   34.34619
3308.698   36.82928
3308.796   38.29549
3308.893   39.97454
3308.991   41.81913
3309.089   43.87655
3309.187   46.38330
3309.284   47.99140
3309.382   50.61639
3309.480   53.52516
3309.578   57.11974
3309.676   60.87986
3309.773   64.61633
3309.871   68.77847
3309.969   74.38317
3310.066   81.61963
3310.164   89.04527
3310.262   98.59929
3310.360  109.28843
3310.458  120.59243
3310.555  133.57548
3310.653  149.44366
3310.751  165.19359
3310.848  181.03812
3310.946  198.60899
3311.044  216.65283
3311.142  236.35206
3311.240  253.94658
3311.337  272.46339
3311.435  287.66941
3311.533  301.19638
3311.630  310.23012
3311.728  314.62875
3311.826  313.63551
3311.924  304.17609
3312.021  286.77076
3312.119  260.11885
3312.217  226.46697
3312.315  184.77459
3312.413  136.95723
3312.510   84.26827
3312.608   28.10297
3312.706  -29.52853
3312.803  -85.52829
3312.901 -138.43009
3312.999 -186.98055
3313.097 -230.13915
3313.195 -264.66602
3313.292 -292.52401
3313.390 -310.33137
3313.488 -321.02051
3313.585 -324.02387
3313.683 -318.89214
3313.781 -309.71650
3313.879 -294.98346
3313.977 -277.67272
3314.074 -257.00390
3314.172 -236.40601
3314.270 -215.19327
3314.367 -195.39943
3314.465 -175.46371
3314.563 -155.57528
3314.661 -138.64292
3314.759 -122.98759
3314.856 -109.20049
3314.954  -96.76135
3315.052  -87.06545
3315.149  -78.31548
3315.247  -70.86619
3315.345  -64.22095
3315.443  -58.26152
3315.541  -53.31897
3315.638  -49.86628
3315.736  -46.60278
3315.834  -43.15010
3315.932  -41.37646
3316.029  -39.67376
3316.127  -37.45080
3316.225  -36.07918
3316.323  -34.14000
3316.420  -31.98798
3316.518  -30.92380
3316.616  -30.52177
3316.714  -29.17381
3316.811  -28.74813
3316.909  -27.96773
3317.007  -27.42381
3317.104  -26.95084
3317.202  -25.76842
3317.300  -23.99478
3317.398  -22.17384
3317.496  -21.01506
3317.593  -19.59615
3317.691  -17.89345
3317.789  -17.32589
3317.886  -16.94751
3317.984  -15.74143
3318.082  -14.93738
3318.180  -14.13333
3318.278  -13.04550
3318.375  -11.29551
3318.473   -9.35633
3318.571   -8.67052
3318.669   -7.60633
3318.766   -6.73134
3318.864   -6.37661
3318.962   -5.28878
3319.060   -5.17053
3319.157   -4.74486
3319.255   -3.94081
3319.353   -3.53878
3319.451   -3.44419
3319.548   -2.71108
3319.646   -2.78203
3319.744   -2.52190
3319.842   -1.24487
3319.939   -0.55907
3320.037   -0.08610
3320.135    0.45782
3320.233    1.35647
3320.330    1.99498
3320.428    2.11322
3320.526    2.20781
3320.624    2.56254
3320.721    2.91727
3320.819    3.29565
3320.917    4.05240
3321.015    4.64361
3321.112    4.59632
3321.210    4.47807
3321.308    5.51861
3321.406    6.84293
3321.503    7.57603
3321.601    8.68751
3321.699    9.60981
3321.797   10.72129
3321.894   11.78547
3321.992   12.80236
3322.090   14.29222
3322.188   15.33276
3322.285   17.27194
3322.383   18.80909
3322.481   21.33949
3322.579   23.60975
3322.677   26.37663
3322.774   27.72459
3322.872   29.35634
3322.970   30.98809
3323.067   32.02863
3323.165   33.66038
3323.263   33.40025
3323.361   33.89686
3323.458   34.55902
3323.556   36.54550
3323.654   38.53198
3323.752   40.25832
3323.849   42.12656
3323.947   43.87655
3324.045   47.89680
3324.143   52.83935
3324.240   59.20081
3324.338   65.98794
3324.436   74.80885
3324.534   84.78853
3324.631   97.44051
3324.729  112.78841
3324.827  128.77483
3324.925  147.76461
3325.022  168.00777
3325.120  193.02793
3325.218  217.64606
3325.316  247.41958
3325.414  275.06473
3325.511  303.72677
3325.609  331.46651
3325.707  356.03735
3325.804  377.95956
3325.902  391.10815
3326.000  400.00000
3326.098  395.67232
3326.196  383.96629
3326.293  358.73329
3326.391  322.83480
3326.489  275.46676
3326.586  218.30822
3326.684  154.52810
3326.782   85.30880
3326.880   14.19763
3326.978  -55.25815
3327.075 -123.93353
3327.173 -183.85894
3327.271 -236.68979
3327.368 -279.54096
3327.466 -311.53744
3327.564 -335.09139
3327.662 -346.37175
3327.760 -352.07105
3327.857 -346.04067
3327.955 -337.10152
3328.053 -320.52389
3328.150 -301.95978
3328.248 -280.22677
3328.346 -257.24038
3328.444 -235.12899
3328.542 -211.74058
3328.639 -191.35553
3328.737 -170.85224
3328.835 -153.61245
3328.933 -136.96388
3329.030 -122.63286
3329.128 -109.43697
3329.226  -97.49446
3329.323  -88.60260
3329.421  -79.87629
3329.519  -73.23105
3329.617  -67.36621
3329.715  -62.87298
3329.812  -58.26152
3329.910  -55.04532
3330.008  -52.51492
3330.105  -49.39331
3330.203  -46.50819
3330.301  -44.66360
3330.399  -43.05550
3330.497  -40.26497
3330.594  -38.16025
3330.692  -37.09607
3330.790  -35.91364
3330.887  -33.26501
3330.985  -31.63326
3331.083  -29.90691
3331.181  -28.48800
3331.279  -26.97449
3331.376  -25.55558
3331.474  -23.33262
3331.572  -20.94411
3331.670  -19.07588
3331.767  -18.03534
3331.865  -17.27859
3331.963  -16.80562
3332.061  -15.67049
3332.158  -13.99144
3332.256  -12.12321
3332.354  -11.43740
3332.452  -10.65700
3332.549   -9.52187
3332.647   -8.26849
3332.745   -8.15025
3332.843   -8.52863
3332.940   -7.55904
3333.038   -6.87323
3333.136   -5.26513
3333.234   -4.15365
3333.331   -3.56243
3333.429   -3.13676
3333.527   -2.16717
3333.625   -1.81244
3333.722   -1.81244
3333.820   -1.15028
3333.918    0.71796
3334.016    1.80579
3334.113    1.99498
3334.211    3.08281
3334.309    4.69091
3334.407    4.88010
3334.504    5.37672
3334.602    6.60644
3334.700    7.31590
3334.798    8.07265
3334.895    9.18413
3334.993    9.27873
3335.091    9.23143
3335.189   10.08278
3335.286   11.00507
3335.384   12.58952
3335.482   14.07938
3335.580   14.88343
3335.677   16.08951
3335.775   17.31923
3335.873   18.40707
3335.971   18.71450
3336.068   20.03882
3336.166   21.52868
3336.264   22.54556
3336.362   24.13002
3336.459   25.28879
3336.557   26.63676
3336.655   28.69418
3336.753   30.82255
3336.850   33.68403
3336.948   36.40361
3337.046   39.73806
3337.144   42.90696
3337.241   45.83938
3337.339   48.60626
3337.437   51.44409
3337.535   55.55893
3337.632   60.33594
3337.730   64.09606
3337.828   68.32915
3337.926   72.98791
3338.023   78.45072
3338.121   83.13314
3338.219   87.65001
3338.317   91.45742
3338.415   95.64322
3338.512   99.59252
3338.610  102.54859
3338.708  105.05534
3338.805  106.19047
3338.903  107.51479
3339.001  106.87628
3339.099  104.46412
3339.197  101.93373
3339.294   98.38645
3339.392   94.55538
3339.490   89.13987
3339.587   83.10949
3339.685   77.41019
3339.783   70.59941
3339.881   64.23795
3339.979   56.69406
3340.076   48.36977
3340.174   40.42386
3340.272   33.02187
3340.369   25.95095
3340.467   19.02193
3340.565   12.16385
3340.663    6.27536
3340.760    1.16728
3340.858   -3.49149
3340.956   -8.33944
3341.054  -13.35293
3341.152  -17.37318
3341.249  -20.87317
3341.347  -24.82247
3341.445  -28.53530
3341.542  -32.46095
3341.640  -35.70081
3341.738  -38.65687
3341.836  -41.89672
3341.934  -45.39671
3342.031  -48.82575
3342.129  -51.49803
3342.227  -54.43045
3342.324  -56.74801
3342.422  -58.80543
3342.520  -60.79191
3342.618  -62.44731
3342.716  -63.91352
3342.813  -64.26825
3342.911  -65.37973
3343.009  -66.46756
3343.106  -67.46080
3343.204  -68.21756
3343.302  -68.47769
3343.400  -68.35945
3343.498  -68.17026
3343.595  -67.17702
3343.693  -65.87635
3343.791  -65.11960
3343.888  -64.50473
3343.986  -63.20406
3344.084  -61.99799
3344.182  -59.96421
3344.280  -57.36287
3344.377  -55.02167
3344.475  -53.48451
3344.573  -52.06560
3344.671  -50.22101
3344.768  -48.77845
3344.866  -47.90345
3344.964  -45.94063
3345.062  -44.02509
3345.159  -43.05550
3345.257  -41.73118
3345.355  -40.12308
3345.453  -37.82917
3345.550  -35.81905
3345.648  -34.73121
3345.746  -33.38325
3345.844  -32.48460
3345.941  -31.70420
3346.039  -30.19069
3346.137  -28.79543
3346.235  -27.14003
3346.332  -24.96437
3346.430  -23.45086
3346.528  -23.80559
3346.625  -24.06572
3346.723  -23.97113
3346.821  -22.88329
3346.919  -21.20425
3347.017  -19.57250
3347.114  -18.60291
3347.212  -17.94075
3347.310  -17.23129
3347.408  -16.94751
3347.505  -16.87656
3347.603  -16.99481
3347.701  -16.73467
3347.799  -15.31576
3347.896  -13.63671
3347.994  -12.61982
3348.092  -12.54888
3348.190  -12.21780
3348.287  -12.09956
3348.385  -13.06915
3348.483  -13.23469
3348.581  -13.25834
3348.678  -13.44752
3348.776  -12.90361
3348.874  -12.02861
3348.972  -11.43740
3349.069  -10.70429
3349.167  -10.20767
3349.265   -9.66376
3349.363   -9.30903
3349.460   -9.07254
3349.558   -8.76511
3349.656   -8.57592
3349.754   -7.36985
3349.851   -7.25160
3349.949   -6.87323
3350.047   -7.08607
3350.145   -6.75499
3350.242   -5.69080
3350.340   -5.80904
3350.438   -6.37661
3350.536   -6.30566
3350.633   -6.28201
3350.731   -5.35972
3350.829   -4.91040
3350.927   -4.46108
3351.024   -4.98134
3351.122   -5.28878
3351.220   -4.83945
3351.318   -3.82257
3351.416   -4.60297
3351.513   -6.04553
3351.611   -5.78539
3351.709   -5.17053
3351.806   -5.05229
3351.904   -4.88675
3352.002   -5.35972
3352.100   -5.02864
3352.198   -5.26513
3352.295   -5.14688
3352.393   -5.00499
3352.491   -4.67391
3352.588   -4.24824
3352.686   -3.44419
3352.784   -2.66379
3352.882   -3.32595
3352.979   -2.87662
3353.077   -3.18405
3353.175   -3.63338
3353.273   -3.65703
3353.370   -3.18405
3353.468   -2.61649
3353.566   -1.90703
3353.664   -1.52866
3353.761   -1.64690
3353.859   -2.56919
3353.957   -3.18405
3354.055   -3.20770
3354.153   -4.13000
3354.250   -4.48472
3354.348   -3.98811
3354.446   -3.30230
3354.543   -2.59284
3354.641   -1.76514
3354.739   -1.36312
3354.837   -3.23135
3354.935   -3.68067
3355.032   -2.78203
3355.130   -2.00163
3355.228   -2.28541
3355.325   -2.19082
3355.423   -2.35636
3355.521   -2.16717
3355.619   -2.52190
3355.717   -2.64014
3355.814   -2.45095
3355.912   -2.30906
3356.010   -2.28541
3356.107   -1.81244
3356.205   -1.36312
3356.303   -1.71785
3356.401   -2.11987
3356.499   -2.09622
3356.596   -1.50501
3356.694   -1.50501
3356.792   -1.81244
3356.889   -0.65366
3356.987   -0.63001
3357.085   -0.22799
3357.183    0.07944
3357.281   -0.18069
3357.378   -0.74825
3357.476   -1.15028
3357.574   -1.19758
3357.672   -1.10298
3357.769   -1.17393
3357.867   -1.05569
3357.965   -0.98474
3358.063   -1.03204
3358.160   -1.67055
3358.258   -1.52866
3358.356   -1.85974
3358.454   -2.85298
3358.551   -2.59284
3358.649   -2.40365
3358.747   -2.56919
3358.844   -2.45095
3358.942   -1.93068
3359.040   -1.83609
3359.138   -2.33271
3359.236   -2.28541
3359.333   -2.23811
3359.431   -1.43406
3359.529   -1.43406
3359.626   -1.26852
3359.724   -1.45771
3359.822   -1.57595
3359.920   -2.09622
3360.018   -2.35636
3360.115   -1.71785
3360.213   -0.77190
3360.311   -0.41718
3360.409   -0.48812
3360.506   -0.81920
3360.604   -1.03204
3360.702   -1.24487
3360.800   -1.90703
3360.897   -2.30906
3360.995   -2.28541
3361.093   -2.02528
3361.191   -1.88338
3361.288   -1.33947
3361.386   -1.00839
3361.484   -1.81244
3361.582   -2.49825
3361.679   -2.09622
3361.777   -2.42730
3361.875   -2.16717
3361.973   -1.36312
3362.070   -1.12663
3362.168   -1.15028
3362.266   -1.15028
3362.364   -0.74825
3362.461   -0.77190
3362.559   -1.24487
3362.657   -0.65366
3362.755   -0.46447
3362.852   -0.25164
3362.950   -0.34623
3363.048   -0.58271
3363.146   -0.46447
3363.243    0.00850
3363.341   -0.20434
3363.439   -0.81920
3363.537   -1.19758
3363.634   -0.96109
3363.732   -0.79555
3363.830   -0.53542
3363.928   -0.03880
3364.025   -0.06245
3364.123   -0.53542
3364.221   -0.89015
3364.319   -1.24487
3364.417   -0.74825
3364.514   -0.32258
3364.612   -0.46447
3364.710   -0.96109
3364.807   -1.57595
3364.905   -1.48136
3365.003   -1.07933
3365.101   -0.67731
3365.198   -1.17393
3365.296   -1.45771
3365.394   -1.26852
3365.492   -0.93744
3365.589   -0.74825
3365.687   -1.45771
3365.785   -1.74149
3365.883   -1.38677
3365.980   -2.00163
3366.078   -1.93068
3366.176   -1.41041
3366.274   -1.36312
3366.371   -0.72461
3366.469   -0.81920
3366.567   -0.36988
3366.665   -0.41718
3366.762   -0.20434
3366.860   -0.89015
3366.958   -1.71785
3367.056   -1.26852
3367.154   -0.60636
3367.251   -1.36312
3367.349   -1.41041
3367.447   -0.41718
3367.544   -0.08610
3367.642   -0.81920
3367.740   -0.91379
3367.838   -0.63001
3367.936   -0.77190
3368.033   -1.62325
3368.131   -2.40365
3368.229   -2.11987
3368.326   -1.48136
3368.424   -0.89015
3368.522   -0.81920
3368.620   -0.72461
3368.718   -0.34623
3368.815   -0.55907
3368.913   -1.00839
3369.011   -1.24487
3369.108   -1.07933
3369.206   -1.26852
3369.304   -1.55231
3369.402   -1.07933
3369.500   -0.63001
3369.597   -0.39353
3369.695    0.03215
3369.793   -0.13339
3369.890   -0.41718
3369.988   -0.77190
3370.086   -0.91379
3370.184   -0.60636
3370.281    0.05580
3370.379   -0.58271
3370.477   -1.10298
3370.575   -1.17393
3370.673   -1.22123
3370.770   -0.89015
3370.868   -0.58271
3370.966   -0.77190
3371.063   -1.45771
3371.161   -1.05569
3371.259   -0.46447
3371.357   -0.27528
3371.455   -0.58271
3371.552   -0.93744
3371.650   -1.07933
3371.748   -1.19758
3371.845   -0.46447
3371.943   -1.00839
3372.041   -1.41041
3372.139   -1.38677
3372.237   -2.02528
3372.334   -2.14352
3372.432   -1.67055
3372.530   -2.23811
3372.627   -1.97798
3372.725   -1.29217
3372.823   -0.44082
3372.921    0.00850
3373.019    0.26863
3373.116   -0.36988
3373.214   -0.96109
3373.312   -0.89015
3373.410   -1.26852
3373.507   -1.64690
3373.605   -2.00163
3373.703   -2.23811
3373.801   -1.62325
3373.898   -0.60636
3373.996   -0.91379
3374.094   -0.55907
3374.192   -0.58271
3374.289   -0.22799
3374.387   -0.36988
3374.485   -1.12663
3374.583   -0.79555
3374.680   -0.58271
3374.778   -0.65366
3374.876   -1.05569
3374.974   -1.07933
3375.071   -0.91379
3375.169   -0.60636
3375.267   -0.74825
3375.365   -1.36312
3375.462   -1.00839
3375.560    0.10309
3375.658    0.62336
3375.756    0.31593
3375.853   -0.44082
3375.951   -1.03204
3376.049   -1.69420
3376.146   -2.02528
3376.244   -1.67055
3376.342   -1.41041
3376.440   -1.17393
3376.538   -0.70096
3376.635   -0.06245
3376.733   -0.70096
3376.831   -1.00839
3376.929   -1.05569
3377.026   -0.79555
