3266	0.0060937
3266.1	0.011234
3266.2	0.0089743
3266.4	0.0028902
3266.5	0.016325
3266.6	0.01491
3266.7	0.00072965
3266.8	0.0023935
3266.9	0.0019465
3267.1	0.0038587
3267.2	0.0090985
3267.3	0.0015988
3267.4	-0.0030947
3267.5	0.0032875
3267.6	-0.0059009
3267.8	-0.0058264
3267.9	0.0051748
3268	0.00070482
3268.1	0.01116
3268.2	0.010936
3268.3	0.0098683
3268.5	0.0070125
3268.6	0.002617
3268.7	-0.0011329
3268.8	-0.006472
3268.9	-0.00011469
3269	-0.011315
3269.2	-0.0045847
3269.3	0.0010773
3269.4	-0.0027222
3269.5	-0.012233
3269.6	-0.0032437
3269.8	0.0016485
3269.9	0.0072112
3270	0.0049265
3270.1	0.0014747
3270.2	0.0012511
3270.3	0.011036
3270.5	-0.0055284
3270.6	-0.0080117
3270.7	-0.00826
3270.8	-0.0057767
3270.9	0.00082898
3271	-0.0032437
3271.2	0.0080058
3271.3	-0.017076
3271.4	-0.012978
3271.5	0.0043802
3271.6	0.0051997
3271.7	0.0068387
3271.9	0.0032627
3272	0.01337
3272.1	0.012923
3272.2	0.00045648
3272.3	0.0076333
3272.5	0.0019713
3272.6	0.0086515
3272.7	0.01553
3272.8	0.0087508
3272.9	0.011383
3273	0.0018223
3273.2	0.009322
3273.3	-0.0032189
3273.4	-0.0036162
3273.5	-0.004237
3273.6	0.0062923
3273.7	0.00028265
3273.9	0.001127
3274	-0.011836
3274.1	-0.0071922
3274.2	0.010663
3274.3	-0.0026477
3274.4	-0.0068445
3274.6	-0.002747
3274.7	0.020298
3274.8	0.010663
3274.9	-0.00098386
3275	-0.0043115
3275.1	-0.0033927
3275.3	-0.0044854
3275.4	0.0035358
3275.5	0.00087865
3275.6	-0.0080614
3275.7	0.0010525
3275.9	-0.011141
3276	-0.011861
3276.1	0.00058065
3276.2	-0.00090935
3276.3	-0.0034424
3276.4	0.010166
3276.6	-0.01422
3276.7	-0.0016792
3276.8	0.011135
3276.9	0.010166
3277	0.0042063
3277.1	-0.0010335
3277.3	0.00023298
3277.4	0.0064413
3277.5	-0.0010584
3277.6	0.0053735
3277.7	0.012228
3277.8	0.0075837
3278	0.002021
3278.1	-0.0011577
3278.2	0.0083535
3278.3	0.0067642
3278.4	0.010539
3278.6	0.0038587
3278.7	0.010713
3278.8	0.0080803
3278.9	0.0045043
3279	-0.00016435
3279.1	-0.0044357
3279.3	0.00043165
3279.4	-0.010694
3279.5	0.005746
3279.6	0.01414
3279.7	0.007385
3279.8	0.014189
3280	0.010539
3280.1	0.01265
3280.2	0.00063031
3280.3	0.0034862
3280.4	-0.0056774
3280.5	-0.0088809
3280.7	0.0018223
3280.8	0.018908
3280.9	0.010042
3281	0.0072112
3281.1	0.00028265
3281.2	-0.0017537
3281.4	0.0037593
3281.5	0.013544
3281.6	0.0074843
3281.7	0.0051748
3281.8	0.011284
3282	-0.0017289
3282.1	0.003362
3282.2	0.012252
3282.3	0.0096448
3282.4	0.004554
3282.5	0.018287
3282.7	0.012873
3282.8	0.00025781
3282.9	-0.0011329
3283	0.0097193
3283.1	0.013444
3283.2	0.0074595
3283.4	0.012501
3283.5	0.015754
3283.6	0.019951
3283.7	-6.50E-05
3283.8	-0.0030699
3283.9	-0.00071069
3284.1	0.0027163
3284.2	0.014984
3284.3	0.0054232
3284.4	-0.0016544
3284.5	0.0014747
3284.7	0.010738
3284.8	0.00075448
3284.9	-0.014642
3285	-0.0025235
3285.1	0.01034
3285.2	0.013494
3285.4	0.011135
3285.5	0.0033123
3285.6	0.0085025
3285.7	-0.0023497
3285.8	0.016176
3285.9	0.016822
3286.1	0.024967
3286.2	0.0078817
3286.3	0.0065655
3286.4	0.020919
3286.5	0.014959
3286.6	0.006491
3286.8	0.0029895
3286.9	0.0012511
3287	0.00040682
3287.1	-0.003045
3287.2	0.0046037
3287.3	0.0097193
3287.5	0.013817
3287.6	0.005299
3287.7	0.0099925
3287.8	0.00962
3287.9	0.012079
3288.1	0.012377
3288.2	-0.00016435
3288.3	0.0042808
3288.4	0.012203
3288.5	0.013867
3288.6	0.0098683
3288.8	0.016648
3288.9	0.013519
3289	0.018982
3289.1	0.016474
3289.2	0.0014995
3289.3	0.021987
3289.5	0.0014995
3289.6	0.0024928
3289.7	0.012079
3289.8	0.0097442
3289.9	-0.00090935
3290	0.0083287
3290.2	0.018784
3290.3	0.010266
3290.4	0.0043553
3290.5	0.014785
3290.6	0.024346
3290.8	0.010539
3290.9	0.0086763
3291	0.0066648
3291.1	0.013022
3291.2	0.0073602
3291.3	0.016499
3291.5	0.014686
3291.6	0.014338
3291.7	0.022484
3291.8	0.0201
3291.9	0.021292
3292	0.020646
3292.2	0.021565
3292.3	0.011284
3292.4	0.022757
3292.5	0.021242
3292.6	0.021192
3292.7	0.028444
3292.9	0.019951
3293	0.018287
3293.1	0.026432
3293.2	0.02452
3293.3	0.02149
3293.4	0.018113
3293.6	0.015655
3293.7	0.015431
3293.8	0.020373
3293.9	0.022856
3294	0.027798
3294.2	0.030083
3294.3	0.032516
3294.4	0.03125
3294.5	0.041953
3294.6	0.040215
3294.7	0.033559
3294.9	0.037632
3295	0.043393
3295.1	0.045355
3295.2	0.054693
3295.3	0.053799
3295.4	0.051613
3295.6	0.044312
3295.7	0.035968
3295.8	0.048658
3295.9	0.0462
3296	0.053898
3296.1	0.064328
3296.3	0.059932
3296.4	0.052383
3296.5	0.054295
3296.6	0.073392
3296.7	0.059783
3296.9	0.054618
3297	0.069766
3297.1	0.07451
3297.2	0.072746
3297.3	0.072573
3297.4	0.078334
3297.6	0.0909
3297.7	0.10794
3297.8	0.091943
3297.9	0.099144
3298	0.098449
3298.1	0.093333
3298.3	0.097232
3298.4	0.10284
3298.5	0.11399
3298.6	0.11931
3298.7	0.11802
3298.8	0.12313
3299	0.12293
3299.1	0.12117
3299.2	0.13041
3299.3	0.13806
3299.4	0.13411
3299.5	0.15447
3299.7	0.14531
3299.8	0.15944
3299.9	0.16341
3300	0.15507
3300.1	0.16942
3300.3	0.16694
3300.4	0.1806
3300.5	0.18944
3300.6	0.17494
3300.7	0.17824
3300.8	0.18944
3301	0.19473
3301.1	0.20245
3301.2	0.20536
3301.3	0.2181
3301.4	0.22825
3301.5	0.22674
3301.7	0.21705
3301.8	0.23136
3301.9	0.23396
3302	0.25026
3302.1	0.26054
3302.2	0.27417
3302.4	0.27568
3302.5	0.27894
3302.6	0.29952
3302.7	0.3002
3302.8	0.2918
3303	0.29806
3303.1	0.30114
3303.2	0.30372
3303.3	0.30911
3303.4	0.33342
3303.5	0.33829
3303.7	0.34035
3303.8	0.34375
3303.9	0.33317
3304	0.3442
3304.1	0.35498
3304.2	0.34219
3304.4	0.35235
3304.5	0.34606
3304.6	0.37335
3304.7	0.36096
3304.8	0.37869
3304.9	0.37869
3305.1	0.36268
3305.2	0.37994
3305.3	0.37229
3305.4	0.38321
3305.5	0.4044
3305.6	0.39578
3305.8	0.38165
3305.9	0.40422
3306	0.38947
3306.1	0.37604
3306.2	0.378
3306.4	0.38078
3306.5	0.37517
3306.6	0.36777
3306.7	0.3559
3306.8	0.33168
3306.9	0.31348
3307.1	0.28994
3307.2	0.25577
3307.3	0.21842
3307.4	0.17826
3307.5	0.13391
3307.6	0.088367
3307.8	0.040786
3307.9	-0.0038149
3308	-0.046628
3308.1	-0.10531
3308.2	-0.14117
3308.3	-0.19076
3308.5	-0.2257
3308.6	-0.26871
3308.7	-0.31413
3308.8	-0.34468
3308.9	-0.36946
3309	-0.40689
3309.2	-0.43467
3309.3	-0.47091
3309.4	-0.49291
3309.5	-0.50103
3309.6	-0.51364
3309.8	-0.54302
3309.9	-0.55181
3310	-0.55089
3310.1	-0.55675
3310.2	-0.54806
3310.3	-0.54861
3310.5	-0.55842
3310.6	-0.54739
3310.7	-0.52296
3310.8	-0.51111
3310.9	-0.4904
3311	-0.4795
3311.2	-0.46765
3311.3	-0.46303
3311.4	-0.45079
3311.5	-0.44712
3311.6	-0.40423
3311.7	-0.39062
3311.9	-0.35777
3312	-0.33584
3312.1	-0.32394
3312.2	-0.31026
3312.3	-0.28351
3312.5	-0.26819
3312.6	-0.2552
3312.7	-0.24207
3312.8	-0.22103
3312.9	-0.2151
3313	-0.19883
3313.2	-0.1856
3313.3	-0.16471
3313.4	-0.15205
3313.5	-0.15031
3313.6	-0.14705
3313.7	-0.11417
3313.9	-0.1215
3314	-0.10143
3314.1	-0.084499
3314.2	-0.079507
3314.3	-0.067612
3314.4	-0.06421
3314.6	-0.056809
3314.7	-0.048639
3314.8	-0.017697
3314.9	-0.0094769
3315	-0.0037652
3315.1	0.0061185
3315.3	0.019082
3315.4	0.025017
3315.5	0.053227
3315.6	0.060007
3315.7	0.065892
3315.9	0.080693
3316	0.079327
3316.1	0.093731
3316.2	0.10568
3316.3	0.11059
3316.4	0.11966
3316.6	0.14014
3316.7	0.15845
3316.8	0.17384
3316.9	0.19334
3317	0.20243
3317.1	0.21457
3317.3	0.22589
3317.4	0.25016
3317.5	0.27037
3317.6	0.29923
3317.7	0.31999
3317.8	0.33831
3318	0.36595
3318.1	0.37519
3318.2	0.39985
3318.3	0.43343
3318.4	0.48369
3318.6	0.50477
3318.7	0.54158
3318.8	0.5719
3318.9	0.61141
3319	0.64896
3319.1	0.6904
3319.3	0.71131
3319.4	0.75189
3319.5	0.78993
3319.6	0.8328
3319.7	0.85991
3319.8	0.90069
3320	0.9286
3320.1	0.94504
3320.2	0.96128
3320.3	0.98582
3320.4	1
3320.5	0.98222
3320.7	0.98637
3320.8	0.98157
3320.9	0.94149
3321	0.89846
3321.1	0.83203
3321.2	0.77615
3321.4	0.69338
3321.5	0.60445
3321.6	0.50075
3321.7	0.39779
3321.8	0.27623
3322	0.14677
3322.1	0.030455
3322.2	-0.1104
3322.3	-0.24087
3322.4	-0.35712
3322.5	-0.44294
3322.7	-0.54136
3322.8	-0.61961
3322.9	-0.68013
3323	-0.74214
3323.1	-0.77313
3323.2	-0.79816
3323.4	-0.81905
3323.5	-0.81986
3323.6	-0.83156
3323.7	-0.82252
3323.8	-0.81184
3323.9	-0.79046
3324.1	-0.7706
3324.2	-0.74978
3324.3	-0.73714
3324.4	-0.70129
3324.5	-0.67829
3324.7	-0.63833
3324.8	-0.61961
3324.9	-0.59691
3325	-0.57473
3325.1	-0.55911
3325.2	-0.53299
3325.4	-0.49427
3325.5	-0.47262
3325.6	-0.46676
3325.7	-0.42931
3325.8	-0.41185
3325.9	-0.3901
3326.1	-0.36117
3326.2	-0.33835
3326.3	-0.32727
3326.4	-0.30345
3326.5	-0.28237
3326.6	-0.26151
3326.8	-0.24207
3326.9	-0.23
3327	-0.20501
3327.1	-0.19369
3327.2	-0.16834
3327.3	-0.14306
3327.5	-0.13402
3327.6	-0.12187
3327.7	-0.1032
3327.8	-0.092495
3327.9	-0.081692
3328.1	-0.064681
3328.2	-0.040295
3328.3	-0.019733
3328.4	-0.0066955
3328.5	0.0088502
3328.6	0.019032
3328.8	0.031126
3328.9	0.031573
3329	0.042847
3329.1	0.057375
3329.2	0.078632
3329.3	0.086057
3329.5	0.097207
3329.6	0.12517
3329.7	0.13068
3329.8	0.13106
3329.9	0.14176
3330	0.13158
3330.2	0.14096
3330.3	0.15221
3330.4	0.16217
3330.5	0.17071
3330.6	0.17891
3330.8	0.17749
3330.9	0.17464
3331	0.18499
3331.1	0.1771
3331.2	0.18323
3331.3	0.17988
3331.5	0.16284
3331.6	0.16068
3331.7	0.16746
3331.8	0.15214
3331.9	0.15321
3332	0.14876
3332.2	0.14188
3332.3	0.14538
3332.4	0.14429
3332.5	0.12934
3332.6	0.11601
3332.7	0.12169
3332.9	0.10501
3333	0.099715
3333.1	0.10473
3333.2	0.086107
3333.3	0.075826
3333.4	0.074013
3333.6	0.069667
3333.7	0.073491
3333.8	0.051613
3333.9	0.054792
3334	0.044759
3334.2	0.038352
3334.3	0.038427
3334.4	0.039321
3334.5	0.019851
3334.6	0.020249
3334.7	0.020696
3334.9	0.00043165
3335	-0.0074405
3335.1	-0.016753
3335.2	-0.025792
3335.3	-0.016778
3335.4	-0.026413
3335.6	-0.031529
3335.7	-0.036247
3335.8	-0.044144
3335.9	-0.048987
3336	-0.0545
3336.1	-0.070319
3336.3	-0.073299
3336.4	-0.070617
3336.5	-0.088248
3336.6	-0.089242
3336.7	-0.093215
3336.9	-0.10238
3337	-0.093091
3337.1	-0.10754
3337.2	-0.10583
3337.3	-0.11167
3337.4	-0.094283
3337.6	-0.10131
3337.7	-0.11631
3337.8	-0.10188
3337.9	-0.098902
3338	-0.11129
3338.1	-0.12095
3338.3	-0.122
3338.4	-0.12557
3338.5	-0.13553
3338.6	-0.11378
3338.7	-0.10394
3338.8	-0.12098
3339	-0.1328
3339.1	-0.1284
3339.2	-0.13121
3339.3	-0.12604
3339.4	-0.11179
3339.5	-0.11127
3339.7	-0.12441
3339.8	-0.122
3339.9	-0.098778
3340	-0.11025
3340.1	-0.11884
3340.3	-0.11827
3340.4	-0.11162
3340.5	-0.10692
3340.6	-0.10769
3340.7	-0.11052
3340.8	-0.10697
3341	-0.11902
3341.1	-0.10792
3341.2	-0.096692
3341.3	-0.097288
3341.4	-0.11492
3341.5	-0.11522
3341.7	-0.10595
3341.8	-0.10556
3341.9	-0.098455
3342	-0.11318
3342.1	-0.10856
3342.2	-0.11276
3342.4	-0.099175
3342.5	-0.11683
3342.6	-0.10528
3342.7	-0.098107
3342.8	-0.11696
3343	-0.10615
3343.1	-0.10377
3343.2	-0.10655
3343.3	-0.097213
3343.4	-0.096443
3343.5	-0.088149
3343.7	-0.10432
3343.8	-0.086138
3343.9	-0.095525
3344	-0.10509
3344.1	-0.10615
3344.2	-0.094879
3344.4	-0.090409
3344.5	-0.096692
3344.6	-0.10327
3344.7	-0.10566
3344.8	-0.095574
3344.9	-0.091824
3345.1	-0.10079
3345.2	-0.099647
3345.3	-0.093687
3345.4	-0.096617
3345.5	-0.1066
3345.6	-0.099076
3345.8	-0.09838
3345.9	-0.087975
3346	-0.094606
3346.1	-0.1035
3346.2	-0.10926
3346.4	-0.091204
3346.5	-0.093737
3346.6	-0.10335
3346.7	-0.09478
3346.8	-0.08353
3346.9	-0.082338
3347.1	-0.093637
3347.2	-0.081817
3347.3	-0.077123
3347.4	-0.078737
3347.5	-0.087429
3347.6	-0.089788
3347.8	-0.070244
3347.9	-0.075062
3348	-0.065302
3348.1	-0.062049
3348.2	-0.082164
3348.3	-0.085268
3348.5	-0.094556
3348.6	-0.066345
3348.7	-0.072206
3348.8	-0.062471
3348.9	-0.064731
3349	-0.067686
3349.2	-0.074118
3349.3	-0.073646
3349.4	-0.067537
3349.5	-0.076825
3349.6	-0.065054
3349.8	-0.066743
3349.9	-0.064284
3350	-0.071163
3350.1	-0.059168
3350.2	-0.070964
3350.3	-0.062968
3350.5	-0.054053
3350.6	-0.073696
3350.7	-0.066122
3350.8	-0.060609
3350.9	-0.051495
3351	-0.061801
3351.2	-0.049682
3351.3	-0.060559
3351.4	-0.066171
3351.5	-0.056188
3351.6	-0.071784
3351.7	-0.054102
3351.9	-0.052612
3352	-0.035179
3352.1	-0.040072
3352.2	-0.039327
3352.3	-0.046255
3352.5	-0.04782
3352.6	-0.037588
3352.7	-0.048912
3352.8	-0.055493
3352.9	-0.061056
3353	-0.054525
3353.2	-0.044964
3353.3	-0.047124
3353.4	-0.045783
3353.5	-0.033168
3353.6	-0.048316
3353.7	-0.050154
3353.9	-0.047323
3354	-0.036222
3354.1	-0.027878
3354.2	-0.030312
3354.3	-0.038234
3354.4	-0.029592
3354.6	-0.034583
3354.7	-0.03287
3354.8	-0.02547
3354.9	-0.022514
3355	-0.02835
3355.1	-0.034782
3355.3	-0.022341
3355.4	-0.026786
3355.5	-0.026289
3355.6	-0.031976
3355.7	-0.035602
3355.9	-0.03657
3356	-0.038755
3356.1	-0.02162
3356.2	-0.031504
3356.3	-0.022018
3356.4	-0.028549
3356.6	-0.032224
3356.7	-0.018988
3356.8	-0.025271
3356.9	-0.027183
3357	-0.039376
3357.1	-0.028921
3357.3	-0.032398
3357.4	-0.01268
3357.5	-0.039029
3357.6	-0.02388
3357.7	-0.02763
3357.8	-0.021173
3358	-0.025196
3358.1	-0.013376
3358.2	-0.029244
3358.3	-0.020726
3358.4	-0.018417
3358.6	-0.020677
3358.7	-0.020106
3358.8	-0.023657
3358.9	-0.017697
3359	-0.018938
3359.1	-0.01047
3359.3	-0.013177
3359.4	-0.015909
3359.5	-0.0024242
3359.6	-0.016232
3359.7	-0.016083
3359.8	-0.022514
3360	-0.02023
3360.1	-0.018193
3360.2	-0.0095762
3360.3	-0.014146
3360.4	-0.019634
3360.5	-0.016033
3360.7	-0.015859
3360.8	-0.0077385
3360.9	-0.0032437
3361	-0.020726
3361.1	-0.018839
3361.2	-0.022018
3361.4	-0.015958
3361.5	-0.012233
3361.6	-0.013103
3361.7	-0.021571
3361.8	-0.0087815
3362	-0.020031
3362.1	-0.013202
3362.2	-0.0097004
3362.3	-0.0072915
3362.4	-0.0041129
3362.5	0.002021
3362.7	-0.0047585
3362.8	-0.007813
3362.9	-0.010843
3363	-0.0037652
3363.1	-0.0052055
3363.2	-0.0089305
3363.4	-0.017126
3363.5	-0.023284
3363.6	-0.010992
3363.7	-0.015909
3363.8	-0.013227
3363.9	-0.01201
3364.1	-0.011563
3364.2	-0.012879
3364.3	-0.015462
3364.4	-0.014319
3364.5	-0.00021402
3364.7	-0.013227
3364.8	-0.0077137
3364.9	-0.0046344
3365	-0.011513
3365.1	-0.0063479
3365.2	-0.013997
3365.4	-0.009005
3365.5	0.002468
3365.6	0.0023438
3365.7	-0.011166
3365.8	-0.013202
3365.9	-0.003939
3366.1	9.48E-06
3366.2	-0.0099984
3366.3	-0.010917
3366.4	-0.015313
3366.5	-0.011836
3366.6	-0.0022752
3366.8	-0.0032437
3366.9	-0.0066707
3367	-0.019957
3367.1	-0.012631
3367.2	-0.016207
3367.3	-0.010619
3367.5	-0.0088064
3367.6	-0.0096259
3367.7	-0.0084835
3367.8	0.0061185
3367.9	0.013742
3368.1	0.00065515
3368.2	0.0067393
3368.3	-0.018566
3368.4	-0.02172
3368.5	-0.004833
3368.6	-0.0083097
3368.8	-0.0047585
3368.9	0.0038587
3369	0.00090348
3369.1	-0.0078627
3369.2	0.0070622
3369.3	-0.011588
3369.5	-0.0072667
3369.6	0.0049513
3369.7	0.011309
3369.8	-0.011017
3369.9	-0.01576
3370	-0.0060995
3370.2	-0.010098
3370.3	-0.0033927
3370.4	-0.0097004
3370.5	-0.017548
3370.6	-0.0084835
3370.8	-0.012755
3370.9	0.0014498
3371	-0.0032685
3371.1	-0.0034424
3371.2	-0.010222
3371.3	-0.0089305
3371.5	-0.0043612
3371.6	0.0013753
3371.7	-0.017399
3371.8	-0.016455
3371.9	-0.015437
3372	-0.020925
3372.2	-0.0069935
3372.3	0.0019962
3372.4	0.0044795
3372.5	-0.021769
3372.6	-0.0064969
3372.7	-0.0037652
3372.9	0.0020955
3373	-0.013276
3373.1	-0.0070929
3373.2	-0.007664
3373.3	-0.0039639
3373.4	-0.0087319
3373.6	-0.0088809
3373.7	-0.0031444
3373.8	-0.015462
3373.9	3.43E-05
3374	0.0075837
3374.2	0.0035855
3374.3	0.002021
3374.4	-0.0015799
3374.5	-0.0077634
3374.6	0.00080415
3374.7	0.0045043
3374.9	0.0059198
3375	0.0011766
3375.1	-0.0067452
3375.2	-0.0089057
3375.3	-0.0092037
3375.4	-0.0095762
3375.6	-0.010967
3375.7	-0.01119
3375.8	-0.0069439
3375.9	-0.0074902
3376	-0.010818
3376.1	-0.00053685
3376.3	-0.0043612
3376.4	0.004405
3376.5	0.0015243
3376.6	-0.008856
3376.7	0.0023687
3376.9	0.0060192
3377	0.0057212
3377.1	-0.0051559
3377.2	-0.010545
3377.3	0.006193
3377.4	-0.007366
3377.6	0.0046037
3377.7	-0.00066102
3377.8	-0.0032189
3377.9	0.0057212
3378	-0.0037652
3378.1	-0.0017537
3378.3	0.0034862
3378.4	-0.00036302
3378.5	-0.010818
3378.6	-0.0029457
3378.7	-0.012283
3378.8	-0.015387
3379	-0.0062734
3379.1	-0.007217
3379.2	-0.00016435
3379.3	-0.0022007
3379.4	0.0058205
3379.5	-0.001704
3379.7	-0.010073
3379.8	-0.0052304
3379.9	-0.002002
3380	-0.016405
3380.1	-0.005429
3380.3	-0.0049572
3380.4	0.00095315
3380.5	-0.00081002
3380.6	-0.0025484
3380.7	0.003809
3380.8	-0.0051062
3381	-0.0061244
3381.1	0.0049265
3381.2	0.0060688
3381.3	-0.015362
3381.4	-0.0084835
3381.5	-0.0029209
3381.7	0.0034365
3381.8	0.01111
3381.9	-0.0023497
3382	0.010241
3382.1	0.0049762
3382.2	-0.0042122
3382.4	-0.0040384
3382.5	0.0011022
3382.6	-0.003045
3382.7	-0.026438
3382.8	-0.019187
3383	0.002766
3383.1	-0.0037652
3383.2	0.0017975
3383.3	0.0097442
3383.4	-0.020379
3383.5	-0.0024987
3383.7	0.00515
3383.8	-0.00048718
3383.9	-0.014121
3384	-0.00028851
3384.1	0.0052245
3384.2	-0.00379
3384.4	-0.0085084
3384.5	-0.021397
3384.6	-0.0096259
3384.7	-0.005876
3384.8	-0.014692
3384.9	0.0047527
3385.1	-0.0067452
3385.2	-0.0047834
3385.3	0.0028653
3385.4	0.0020458
3385.5	0.00515
3385.6	-0.00098386
3385.8	-0.0021262
3385.9	0.0056218
3386	0.0043802
