3278.493   -1.54660
3278.590   -1.61805
3278.688   -1.93960
3278.786   -3.58309
3278.884   -3.44018
3278.981   -2.58271
3279.079   -0.76058
3279.177   -0.08175
3279.275   -0.33184
3279.373    0.81145
3279.470    2.09766
3279.568    2.20484
3279.666    2.45494
3279.763    1.91902
3279.861    3.24095
3279.959    0.45417
3280.057   -0.72485
3280.155   -0.72485
3280.252   -1.86815
3280.350   -2.61843
3280.448   -0.97495
3280.545    1.59747
3280.643    1.91902
3280.741    0.81145
3280.839    1.20446
3280.937   -0.08175
3281.034   -2.58271
3281.132   -3.54736
3281.230   -3.15435
3281.327   -2.33261
3281.425   -1.04640
3281.523   -0.61767
3281.621   -0.83204
3281.719   -0.83204
3281.816   -0.65340
3281.914   -0.58194
3282.012   -0.47476
3282.109    0.88291
3282.207    1.24019
3282.305    0.66854
3282.403   -0.15320
3282.500   -1.43941
3282.598   -3.97610
3282.696   -3.44018
3282.794   -1.18932
3282.892   -0.08175
3282.989    0.70427
3283.087    1.16873
3283.185    0.38271
3283.282    0.66854
3283.380    1.06155
3283.478    0.84718
3283.576    0.84718
3283.674    0.16835
3283.771    1.20446
3283.869    0.52563
3283.967   -0.86776
3284.064   -0.22466
3284.162   -1.72524
3284.260   -2.47552
3284.358   -1.22504
3284.456    0.06116
3284.553    1.24019
3284.651    1.31164
3284.749    0.95436
3284.846    0.45417
3284.944    0.52563
3285.042    0.99009
3285.140    0.59708
3285.238    1.02582
3285.335    1.49028
3285.433    0.70427
3285.531    0.16835
3285.629    1.52601
3285.726    2.31202
3285.824    0.99009
3285.922   -1.29650
3286.020   -1.97533
3286.117   -1.97533
3286.215    0.27553
3286.313    0.91863
3286.411    0.88291
3286.508    1.38310
3286.606    1.31164
3286.704    0.70427
3286.802    1.27591
3286.899    1.84756
3286.997    1.70465
3287.095   -0.22466
3287.193   -1.58232
3287.290   -2.01106
3287.388   -1.83242
3287.486   -2.29688
3287.583   -3.11863
3287.681   -3.47591
3287.779   -1.51087
3287.877    0.20408
3287.975    0.31126
3288.072    0.41844
3288.170    0.41844
3288.268    0.81145
3288.365    1.02582
3288.463   -0.15320
3288.561    0.16835
3288.659   -0.61767
3288.757   -3.65455
3288.854   -3.65455
3288.952   -2.76135
3289.050   -1.61805
3289.148    0.41844
3289.245    0.77572
3289.343    1.63319
3289.441    1.59747
3289.539    1.20446
3289.636    2.45494
3289.734    1.38310
3289.832   -0.01029
3289.930   -0.01029
3290.027    0.81145
3290.125    1.81183
3290.223    1.63319
3290.321    1.56174
3290.418    0.73999
3290.516    1.20446
3290.614    1.38310
3290.712    1.34737
3290.809    1.27591
3290.907   -0.58194
3291.005    0.99009
3291.103    2.31202
3291.200    3.27668
3291.298    2.49066
3291.396    3.06231
3291.494    2.34775
3291.591    0.70427
3291.689    2.13339
3291.787    2.56212
3291.885    0.09689
3291.982   -0.47476
3292.080    0.81145
3292.178    1.74038
3292.276    1.45455
3292.374    1.56174
3292.471    0.77572
3292.569    0.81145
3292.667    0.41844
3292.764    0.38271
3292.862    1.02582
3292.960    1.49028
3293.058    2.31202
3293.156    1.84756
3293.253    0.34699
3293.351   -0.11748
3293.449    1.09727
3293.546    0.56135
3293.644    0.41844
3293.742    1.24019
3293.840    3.09804
3293.938    4.06270
3294.035    4.06270
3294.133    4.16988
3294.231    3.52678
3294.328    3.31241
3294.426    3.49105
3294.524    2.84794
3294.622    3.81260
3294.719    4.49143
3294.817    3.16950
3294.915    2.02620
3295.013    2.63358
3295.110    4.02697
3295.208    3.52678
3295.306    3.74114
3295.404    3.66969
3295.501    3.63396
3295.599    5.52754
3295.697    5.63473
3295.795    5.84909
3295.893    4.88444
3295.990    3.34814
3296.088    5.42036
3296.186    6.38501
3296.283    5.63473
3296.381    5.20599
3296.479    4.45570
3296.577    2.95513
3296.675    2.70503
3296.772    4.81298
3296.870    5.38463
3296.968    5.56327
3297.065    6.56365
3297.163    7.24248
3297.261    7.13530
3297.359    4.84871
3297.457    4.95589
3297.554    5.74191
3297.652    5.95628
3297.750    6.09919
3297.847    6.17065
3297.945    5.52754
3298.043    6.06346
3298.141    5.77764
3298.239    5.67045
3298.336    5.67045
3298.434    7.74268
3298.532    7.70695
3298.630    8.49296
3298.727    9.60053
3298.825   10.06499
3298.923    8.74306
3299.021    9.81490
3299.118   10.77955
3299.216   12.03003
3299.314   12.67313
3299.412   12.70886
3299.509   12.06576
3299.607   11.42266
3299.705   12.03003
3299.802   15.53137
3299.900   17.21059
3299.998   15.38846
3300.096   14.35235
3300.194   15.88865
3300.291   15.03118
3300.389   16.03156
3300.487   17.99660
3300.584   18.49679
3300.682   18.63970
3300.780   17.35350
3300.878   17.06767
3300.976   18.03233
3301.073   18.46107
3301.171   19.81873
3301.269   20.21174
3301.366   20.78338
3301.464   19.67582
3301.562   20.99775
3301.660   23.14143
3301.758   24.32045
3301.855   23.46298
3301.953   23.03424
3302.051   23.39152
3302.149   23.35580
3302.246   24.82064
3302.344   27.10723
3302.442   28.78645
3302.540   28.07189
3302.637   28.25053
3302.735   27.60742
3302.833   26.60704
3302.931   27.07150
3303.028   28.10762
3303.126   29.89401
3303.224   29.92974
3303.322   29.82256
3303.419   29.89401
3303.517   32.14488
3303.615   33.82409
3303.713   34.43147
3303.810   34.21710
3303.908   33.03807
3304.006   33.32390
3304.104   33.43108
3304.201   33.78836
3304.299   34.68156
3304.397   35.00311
3304.495   35.32466
3304.592   36.75378
3304.690   36.93242
3304.788   36.64660
3304.886   37.39689
3304.983   38.64737
3305.081   38.14717
3305.179   37.50407
3305.277   38.89746
3305.375   40.54095
3305.472   43.50637
3305.570   44.11374
3305.668   44.18520
3305.765   43.97083
3305.863   46.07878
3305.961   47.57936
3306.059   46.29315
3306.156   48.25819
3306.254   48.40110
3306.352   50.04459
3306.450   49.86595
3306.547   51.15215
3306.645   52.50982
3306.743   53.40301
3306.841   53.90321
3306.938   54.11757
3307.036   56.40416
3307.134   59.22667
3307.232   60.54861
3307.329   61.90627
3307.427   62.87093
3307.525   64.97888
3307.623   67.51556
3307.720   69.73069
3307.818   69.98079
3307.916   70.62389
3308.014   73.94659
3308.111   76.19746
3308.209   79.34152
3308.307   81.37801
3308.405   81.73529
3308.502   84.16479
3308.600   87.84477
3308.698   91.66766
3308.796   92.27504
3308.894   95.77638
3308.991   98.67035
3309.089  101.17130
3309.187  103.60080
3309.284  105.02992
3309.382  107.35224
3309.480  109.71029
3309.578  111.92542
3309.676  116.10559
3309.773  118.57082
3309.871  120.60732
3309.969  121.00032
3310.066  124.03720
3310.164  126.03797
3310.262  126.89544
3310.360  126.03797
3310.458  124.03720
3310.555  125.07331
3310.653  127.32417
3310.751  129.25348
3310.848  130.93270
3310.946  131.00415
3311.044  131.54007
3311.142  131.21852
3311.240  130.64687
3311.337  130.18241
3311.435  129.53931
3311.533  126.75253
3311.631  125.03758
3311.728  123.39410
3311.826  121.17896
3311.924  119.10674
3312.021  116.14132
3312.119  113.71182
3312.217  109.74601
3312.315  105.31575
3312.413  101.17130
3312.510   99.17054
3312.608   96.81249
3312.706   91.06029
3312.803   83.62887
3312.901   74.91125
3312.999   68.76604
3313.097   64.22859
3313.195   57.65464
3313.292   50.22323
3313.390   39.07610
3313.488   28.32198
3313.585   18.81834
3313.683    7.49258
3313.781   -5.08366
3313.879  -19.33912
3313.977  -32.98720
3314.074  -47.34985
3314.172  -59.96182
3314.270  -72.53806
3314.367  -88.93720
3314.465 -103.40702
3314.563 -117.01938
3314.661 -133.06123
3314.759 -147.67397
3314.856 -161.17914
3314.954 -174.04121
3315.052 -184.68814
3315.150 -194.33469
3315.247 -200.33699
3315.345 -205.62473
3315.443 -208.73306
3315.541 -211.26975
3315.638 -211.94858
3315.736 -211.12684
3315.834 -209.44762
3315.932 -206.12492
3316.029 -202.69504
3316.127 -196.15682
3316.225 -190.58326
3316.323 -183.40194
3316.420 -178.07847
3316.518 -171.82607
3316.616 -163.71583
3316.714 -155.92713
3316.811 -149.42464
3316.909 -141.20721
3317.007 -133.02551
3317.104 -126.38010
3317.202 -121.41392
3317.300 -118.30558
3317.398 -111.80309
3317.496 -104.44313
3317.593  -98.65520
3317.691  -95.86842
3317.789  -90.90223
3317.887  -86.40051
3317.984  -83.11354
3318.082  -79.18346
3318.180  -75.96795
3318.278  -71.25185
3318.375  -66.42858
3318.473  -63.42743
3318.571  -61.67676
3318.669  -59.28299
3318.766  -57.63950
3318.864  -55.28145
3318.962  -52.78050
3319.060  -48.49314
3319.157  -43.77705
3319.255  -40.77590
3319.353  -37.63184
3319.451  -34.98797
3319.548  -32.95148
3319.646  -31.59381
3319.744  -29.84314
3319.842  -25.16278
3319.939  -20.30378
3320.037  -17.65991
3320.135  -15.76633
3320.233  -13.72983
3320.330  -13.19391
3320.428  -11.30033
3320.526   -6.47705
3320.624   -2.65416
3320.721    0.06116
3320.819    2.59785
3320.917    4.95589
3321.015    6.17065
3321.112    8.92170
3321.210   12.56595
3321.308   18.49679
3321.406   21.53367
3321.503   23.64162
3321.601   26.39267
3321.699   29.92974
3321.797   33.21671
3321.895   35.82486
3321.992   38.36154
3322.090   42.32735
3322.188   46.36461
3322.285   50.29468
3322.383   53.72457
3322.481   58.90512
3322.579   63.90704
3322.677   67.76566
3322.774   71.05263
3322.872   75.98309
3322.970   81.87820
3323.067   87.77332
3323.165   92.95387
3323.263   99.42063
3323.361  106.88778
3323.458  114.64075
3323.556  121.50052
3323.654  130.68260
3323.752  139.65032
3323.849  148.47513
3323.947  154.44170
3324.045  163.40942
3324.143  175.30683
3324.240  189.34792
3324.338  202.92455
3324.436  215.21497
3324.534  227.29102
3324.632  241.11774
3324.729  255.51611
3324.827  269.91448
3324.925  284.99168
3325.022  298.67549
3325.120  313.75269
3325.218  328.36543
3325.316  343.90710
3325.414  358.37692
3325.511  368.59512
3325.609  381.85019
3325.707  392.31849
3325.804  397.89205
3325.902  399.24971
3326.000  400.00000
3326.098  396.85594
3326.196  390.03190
3326.293  380.84981
3326.391  368.23784
3326.489  352.69617
3326.586  329.11572
3326.684  300.81917
3326.782  269.16419
3326.880  235.50845
3326.978  200.06631
3327.075  161.44438
3327.173  122.25080
3327.271   82.84286
3327.369   43.29200
3327.466    1.06155
3327.564  -40.52580
3327.662  -76.68250
3327.760 -114.08968
3327.857 -147.70970
3327.955 -177.25673
3328.053 -203.80260
3328.151 -226.48986
3328.248 -246.06879
3328.346 -261.93200
3328.444 -274.50825
3328.542 -281.93966
3328.639 -287.33458
3328.737 -290.87165
3328.835 -292.15786
3328.933 -291.80058
3329.030 -289.08526
3329.128 -286.22702
3329.226 -281.22510
3329.323 -276.29464
3329.421 -270.68535
3329.519 -264.64733
3329.617 -258.03765
3329.715 -251.24934
3329.812 -243.67501
3329.910 -236.88670
3330.008 -227.63316
3330.105 -217.91515
3330.203 -210.73383
3330.301 -202.98086
3330.399 -196.44264
3330.497 -188.04657
3330.594 -179.68623
3330.692 -172.25481
3330.790 -166.10960
3330.888 -160.35740
3330.985 -152.92598
3331.083 -145.35165
3331.181 -138.74198
3331.279 -132.84687
3331.376 -126.80884
3331.474 -119.30597
3331.572 -112.44620
3331.670 -107.40855
3331.767 -102.19227
3331.865  -95.40396
3331.963  -88.43701
3332.061  -80.86268
3332.158  -74.28873
3332.256  -70.39438
3332.354  -66.57149
3332.452  -63.03442
3332.549  -61.24802
3332.647  -56.99640
3332.745  -52.31603
3332.843  -48.63605
3332.940  -44.88462
3333.038  -41.56192
3333.136  -37.95339
3333.234  -35.48816
3333.331  -31.73673
3333.429  -27.52083
3333.527  -22.19736
3333.625  -17.65991
3333.722  -13.47974
3333.820   -8.40636
3333.918   -2.40407
3334.016    1.91902
3334.113    5.27745
3334.211   10.24363
3334.309   13.10187
3334.407   15.03118
3334.504   18.28243
3334.602   21.89095
3334.700   23.99890
3334.798   27.53597
3334.896   31.18022
3334.993   35.39612
3335.091   37.14679
3335.189   40.36231
3335.286   43.14909
3335.384   45.14985
3335.482   46.72189
3335.580   48.36537
3335.677   51.29506
3335.775   54.76068
3335.873   57.69037
3335.971   58.69075
3336.068   60.69152
3336.166   61.65617
3336.264   61.51326
3336.362   62.58510
3336.459   63.97849
3336.557   65.15751
3336.655   64.72878
3336.753   63.22820
3336.850   60.87016
3336.948   59.54822
3337.046   58.33347
3337.144   57.72610
3337.241   57.65464
3337.339   57.90474
3337.437   55.68960
3337.535   52.72418
3337.633   51.15215
3337.730   48.15100
3337.828   43.82792
3337.926   41.64851
3338.023   39.64775
3338.121   37.39689
3338.219   33.53827
3338.317   30.57285
3338.415   26.78568
3338.512   23.06997
3338.610   20.49756
3338.708   17.28204
3338.805   12.70886
3338.903    9.99354
3339.001    7.56404
3339.099    4.45570
3339.197    1.59747
3339.294   -0.90349
3339.392   -2.93999
3339.490   -6.40560
3339.587   -9.26384
3339.685   -9.90694
3339.783   -8.87083
3339.881   -9.62112
3339.979  -13.08673
3340.076  -15.58769
3340.174  -18.19583
3340.272  -20.69678
3340.370  -21.55426
3340.467  -20.01795
3340.565  -19.87504
3340.663  -22.41173
3340.760  -24.26958
3340.858  -24.73404
3340.956  -23.62648
3341.054  -22.87619
3341.152  -23.09056
3341.249  -22.48318
3341.347  -22.34027
3341.445  -24.69832
3341.542  -26.62763
3341.640  -26.66335
3341.738  -28.94994
3341.836  -31.30799
3341.934  -31.55809
3342.031  -31.41517
3342.129  -31.23653
3342.227  -31.34372
3342.324  -31.27226
3342.422  -31.27226
3342.520  -29.05713
3342.618  -28.69985
3342.716  -29.02140
3342.813  -29.77169
3342.911  -29.98606
3343.009  -30.48625
3343.106  -30.02178
3343.204  -29.23577
3343.302  -29.59305
3343.400  -30.52197
3343.498  -32.88002
3343.595  -33.30876
3343.693  -32.12973
3343.791  -31.55809
3343.889  -31.70100
3343.986  -32.62992
3344.084  -32.16546
3344.182  -31.80818
3344.280  -33.84468
3344.377  -32.73711
3344.475  -30.77207
3344.573  -29.66450
3344.671  -30.48625
3344.768  -30.12897
3344.866  -27.16355
3344.964  -28.09247
3345.062  -28.91422
3345.159  -28.12820
3345.257  -29.12858
3345.355  -29.48586
3345.453  -29.77169
3345.550  -29.73596
3345.648  -28.98567
3345.746  -29.37868
3345.844  -31.27226
3345.941  -32.41556
3346.039  -30.77207
3346.137  -29.48586
3346.235  -30.80780
3346.332  -31.59381
3346.430  -29.77169
3346.528  -27.09209
3346.626  -26.41326
3346.723  -27.73519
3346.821  -28.55694
3346.919  -29.52159
3347.017  -32.12973
3347.114  -31.05789
3347.212  -29.77169
3347.310  -29.30722
3347.408  -27.98529
3347.505  -27.52083
3347.603  -28.44975
3347.701  -28.91422
3347.799  -28.69985
3347.896  -28.80703
3347.994  -28.48548
3348.092  -27.80665
3348.190  -27.62801
3348.287  -28.84276
3348.385  -29.70023
3348.483  -31.41517
3348.581  -31.45090
3348.678  -30.27188
3348.776  -30.84353
3348.874  -32.62992
3348.972  -31.77245
3349.069  -31.02217
3349.167  -31.95109
3349.265  -32.84429
3349.363  -32.30837
3349.460  -31.02217
3349.558  -30.77207
3349.656  -31.34372
3349.754  -30.23615
3349.851  -30.20042
3349.949  -31.59381
3350.047  -31.27226
3350.145  -30.80780
3350.242  -29.52159
3350.340  -28.34257
3350.438  -29.12858
3350.536  -30.66489
3350.634  -29.73596
3350.731  -29.12858
3350.829  -28.52121
3350.927  -28.02102
3351.024  -29.98606
3351.122  -30.09324
3351.220  -30.16469
3351.318  -30.66489
3351.416  -30.77207
3351.513  -29.52159
3351.611  -28.34257
3351.709  -27.94956
3351.806  -27.23500
3351.904  -26.34180
3352.002  -23.62648
3352.100  -21.41134
3352.198  -21.05406
3352.295  -22.01872
3352.393  -24.23385
3352.491  -25.52006
3352.588  -24.66259
3352.686  -24.62686
3352.784  -25.09132
3352.882  -24.37676
3352.979  -23.23347
3353.077  -24.19812
3353.175  -24.94841
3353.273  -22.98337
3353.371  -20.16086
3353.468  -18.73175
3353.566  -18.66029
3353.664  -18.33874
3353.761  -18.05291
3353.859  -16.83816
3353.957  -17.08826
3354.055  -18.76747
3354.153  -18.51738
3354.250  -19.12475
3354.348  -19.83931
3354.446  -17.98146
3354.543  -17.05253
3354.641  -18.19583
3354.739  -18.16010
3354.837  -17.55272
3354.935  -19.33912
3355.032  -21.05406
3355.130  -20.08941
3355.228  -18.98184
3355.325  -19.62495
3355.423  -18.58883
3355.521  -16.44516
3355.619  -15.30186
3355.717  -14.98031
3355.814  -16.08788
3355.912  -15.94496
3356.010  -16.33797
3356.107  -15.58769
3356.205  -15.62341
3356.303  -14.80167
3356.401  -16.30224
3356.499  -16.01642
3356.596  -17.08826
3356.694  -16.65952
3356.792  -14.55157
3356.890  -13.87274
3356.987  -14.90885
3357.085  -16.05215
3357.183  -17.15972
3357.281  -14.80167
3357.378  -12.44362
3357.476  -11.62188
3357.574  -11.90770
3357.672  -11.33606
3357.769  -10.51431
3357.867  -10.65723
3357.965  -11.69334
3358.063  -13.51546
3358.160  -15.58769
3358.258  -17.30263
3358.356  -17.40981
3358.454  -14.37293
3358.551  -13.69410
3358.649  -13.44401
3358.747  -12.87236
3358.844  -13.40828
3358.942  -13.80129
3359.040  -14.62303
3359.138  -15.19468
3359.236  -14.98031
3359.333  -13.55119
3359.431  -11.87198
3359.529  -10.72868
3359.627  -11.19315
3359.724  -11.26460
3359.822  -11.08596
3359.920  -13.01527
3360.018  -14.08711
3360.115  -14.05138
3360.213  -13.90847
3360.311  -13.58692
3360.409  -12.90809
3360.506  -11.44324
3360.604  -12.55081
3360.702  -12.69372
3360.800  -11.22887
3360.897  -11.30033
3360.995  -10.55004
3361.093  -10.90732
3361.191  -11.15742
3361.288  -10.22849
3361.386  -10.19276
3361.484   -9.19238
3361.582   -8.83510
3361.679   -9.26384
3361.777   -9.51393
3361.875   -8.19200
3361.973  -10.55004
3362.070  -11.37179
3362.168  -11.58615
3362.266  -10.04985
3362.364  -10.29995
3362.461  -11.69334
3362.559  -10.72868
3362.657   -9.29956
3362.755   -7.76326
3362.852   -7.19161
3362.950   -8.54928
3363.048   -9.37102
3363.146   -9.26384
3363.243  -10.15703
3363.341  -11.30033
3363.439  -12.40790
3363.537  -10.90732
3363.635  -10.15703
3363.732  -11.05023
3363.830  -11.72907
3363.928  -11.62188
3364.025  -11.12169
3364.123   -7.79899
3364.221   -7.54889
3364.319   -6.26269
3364.417   -5.47667
3364.514   -5.94113
3364.612   -5.69104
3364.710   -8.12054
3364.807   -8.62073
3364.905   -8.22772
3365.003   -9.01374
3365.101   -8.83510
3365.198   -7.94190
3365.296   -6.83433
3365.394   -6.54851
3365.492   -5.44094
3365.589   -6.58424
3365.687   -7.29880
3365.785   -6.26269
3365.883   -4.58347
3365.980   -4.26192
3366.078   -6.58424
3366.176   -7.33453
3366.274   -6.51278
3366.372   -5.54813
3366.469   -5.47667
3366.567   -5.83395
3366.665   -6.04832
3366.762   -8.33491
3366.860   -7.79899
3366.958   -6.19123
3367.056   -5.79822
3367.154   -6.40560
3367.251   -6.47705
3367.349   -7.58462
3367.447   -8.37064
3367.544   -8.33491
3367.642   -7.79899
3367.740   -7.01297
3367.838   -6.29841
3367.936   -5.40522
3368.033   -5.54813
3368.131   -7.65608
3368.229   -8.76364
3368.326   -6.29841
3368.424   -6.11977
3368.522   -6.61997
3368.620   -5.97686
3368.718   -5.72677
3368.815   -5.61958
3368.913   -5.04794
3369.011   -4.94075
3369.108   -6.26269
3369.206   -5.08366
3369.304   -5.44094
3369.402   -4.26192
3369.500   -3.51163
3369.597   -3.33299
3369.695   -5.51240
3369.793   -4.79784
3369.891   -3.54736
3369.988   -4.15474
3370.086   -5.54813
3370.184   -7.62035
3370.281   -7.44171
3370.379   -8.26345
3370.477   -8.54928
3370.575   -7.79899
3370.673   -6.61997
3370.770   -6.44133
3370.868   -6.51278
3370.966   -6.44133
3371.063   -5.90541
3371.161   -7.29880
3371.259   -7.33453
3371.357   -3.29727
3371.455   -2.22543
3371.552   -1.15359
3371.650   -2.43979
3371.748   -4.36910
3371.845   -4.04755
3371.943   -1.93960
3372.041   -0.68912
3372.139   -0.76058
3372.237   -2.65416
3372.334   -2.36834
3372.432   -3.11863
3372.530   -4.04755
3372.628   -3.44018
3372.725   -2.26115
3372.823   -1.72524
3372.921   -3.22581
3373.019   -3.97610
3373.116   -2.90426
3373.214   -3.01144
3373.312   -4.01182
3373.410   -3.65455
3373.507   -3.22581
3373.605   -3.90464
3373.703   -3.54736
3373.801   -3.11863
3373.898   -2.40407
3373.996   -2.86853
3374.094   -3.26154
3374.192   -2.72562
3374.289   -2.86853
3374.387   -4.40483
3374.485   -6.58424
3374.583   -5.69104
3374.680   -3.65455
3374.778   -4.79784
3374.876   -3.94037
3374.974   -2.11824
3375.071   -1.04640
3375.169   -2.76135
3375.267   -1.40368
3375.365   -0.22466
3375.462   -0.86776
3375.560   -4.04755
3375.658   -5.40522
3375.756   -6.40560
3375.853   -5.83395
3375.951   -3.86891
3376.049   -1.61805
3376.147   -3.40445
3376.244   -2.51125
3376.342   -2.01106
3376.440   -1.83242
3376.538   -2.18970
3376.635   -1.01068
3376.733   -1.01068
3376.831   -1.65378
3376.929   -3.76173
3377.026   -5.40522
3377.124   -4.94075
3377.222   -4.26192
3377.320   -2.36834
3377.417   -2.47552
3377.515   -2.33261
3377.613   -3.04717
3377.711   -3.54736
3377.808   -4.79784
3377.906   -4.29765
3378.004   -3.51163
3378.102   -2.97571
3378.199   -2.33261
3378.297   -4.11901
3378.395   -4.69066
3378.493   -4.04755
