3278.102    1.74761
3278.199    0.85128
3278.297   -0.65617
3278.395   -0.53394
3278.493   -0.08578
3278.590    1.91057
3278.688    3.54025
3278.786    3.09209
3278.884    0.44386
3278.981   -0.98210
3279.079   -1.55249
3279.177   -1.26730
3279.275   -0.28949
3279.372    2.27725
3279.470    3.17357
3279.568    2.11428
3279.666   -0.69691
3279.763    0.48461
3279.861    2.44022
3279.959    1.34019
3280.057    0.11793
3280.154   -0.85988
3280.252    0.48461
3280.350   -0.12652
3280.448   -1.22655
3280.545   -0.37097
3280.643   -0.69691
3280.741   -1.47101
3280.839   -1.14507
3280.936    0.11793
3281.034    0.44386
3281.132    0.36238
3281.230   -1.26730
3281.327   -1.55249
3281.425   -0.28949
3281.523    1.66612
3281.621    1.99206
3281.718    1.29944
3281.816    1.99206
3281.914    0.81054
3282.012    0.40312
3282.109    0.85128
3282.207   -0.08578
3282.305    0.48461
3282.403    0.68832
3282.500    1.82909
3282.598    2.19577
3282.696    1.42167
3282.794   -0.41172
3282.891   -0.98210
3282.989    1.62538
3283.087    2.60319
3283.185    0.60683
3283.282   -0.69691
3283.380   -0.00430
3283.478   -0.98210
3283.576   -1.83768
3283.673   -1.95991
3283.771   -1.79694
3283.869   -0.28949
3283.967   -0.37097
3284.064    0.68832
3284.162    1.29944
3284.260   -0.00430
3284.358   -0.28949
3284.455   -0.00430
3284.553   -1.30804
3284.651   -1.47101
3284.749   -1.18581
3284.846   -1.30804
3284.944   -1.10433
3285.042   -2.16362
3285.140   -2.77475
3285.238   -2.61178
3285.335   -2.44881
3285.433   -2.20436
3285.531   -2.24510
3285.628   -1.71546
3285.726    0.28090
3285.824    0.81054
3285.922   -0.41172
3286.020   -2.57104
3286.117   -2.89697
3286.215   -1.91917
3286.313    0.76980
3286.410    1.95132
3286.508    0.72906
3286.606   -1.02285
3286.704   -0.90062
3286.802   -1.18581
3286.899   -2.65252
3286.997   -2.97846
3287.095   -1.63397
3287.192   -1.06359
3287.290   -0.69691
3287.388   -0.98210
3287.486    0.24015
3287.583   -0.69691
3287.681   -1.22655
3287.779   -1.67472
3287.877   -1.51175
3287.974    1.38093
3288.072    2.96986
3288.170    2.64393
3288.268    1.25870
3288.365    0.07719
3288.463   -1.10433
3288.561   -1.26730
3288.659   -2.89697
3288.757   -1.95991
3288.854   -0.77839
3288.952   -0.37097
3289.050   -1.51175
3289.147   -1.95991
3289.245   -1.06359
3289.343   -0.61543
3289.441   -0.33023
3289.539   -0.45246
3289.636   -0.12652
3289.734    0.64757
3289.832    0.32164
3289.929   -0.04504
3290.027   -0.85988
3290.125    1.82909
3290.223    1.58464
3290.321    1.38093
3290.418    2.07354
3290.516    3.17357
3290.614    3.74396
3290.711    3.21432
3290.809    2.35874
3290.907    1.21796
3291.005   -0.49320
3291.103   -1.71546
3291.200   -1.71546
3291.298   -1.83768
3291.396   -1.71546
3291.494   -1.59323
3291.591   -1.95991
3291.689   -2.89697
3291.787   -2.04139
3291.885    0.52535
3291.982    0.24015
3292.080    0.11793
3292.178    1.54390
3292.276    1.42167
3292.373    0.15867
3292.471   -0.41172
3292.569   -0.77839
3292.667    0.07719
3292.764   -0.24875
3292.862   -1.18581
3292.960   -2.28585
3293.058   -2.61178
3293.155   -0.61543
3293.253    0.24015
3293.351   -0.28949
3293.448   -1.63397
3293.546   -1.59323
3293.644   -1.43026
3293.742   -1.51175
3293.840   -0.73765
3293.937    0.48461
3294.035    0.81054
3294.133    0.81054
3294.231    1.09574
3294.328    0.60683
3294.426   -0.69691
3294.524   -1.34878
3294.622   -1.67472
3294.719   -0.49320
3294.817    0.48461
3294.915    0.81054
3295.013    1.13648
3295.110   -0.37097
3295.208    0.28090
3295.306    0.32164
3295.404   -0.41172
3295.501   -0.77839
3295.599   -0.41172
3295.697   -0.24875
3295.795   -0.20801
3295.892    0.19941
3295.990   -0.94136
3296.088   -1.91917
3296.186   -1.87843
3296.283   -0.08578
3296.381    1.54390
3296.479    2.48096
3296.577    3.01061
3296.674    2.48096
3296.772    1.78835
3296.870    1.13648
3296.968    0.44386
3297.065    0.48461
3297.163   -0.94136
3297.261   -1.67472
3297.359   -0.65617
3297.456    1.34019
3297.554    2.23651
3297.652    1.25870
3297.750    0.32164
3297.847   -0.00430
3297.945    1.42167
3298.043    2.07354
3298.141    3.37728
3298.239    3.17357
3298.336    1.91057
3298.434    0.28090
3298.532   -0.16726
3298.629    2.76615
3298.727    3.33654
3298.825    3.21432
3298.923    3.66248
3299.021    2.35874
3299.118    1.74761
3299.216    2.11428
3299.314    2.92912
3299.411    3.01061
3299.509    1.58464
3299.607   -0.12652
3299.705   -1.06359
3299.802   -4.93407
3299.900   -4.73036
3299.998   -1.18581
3300.096   -0.53394
3300.193   -0.12652
3300.291    0.36238
3300.389    0.93277
3300.487    0.03644
3300.584    0.36238
3300.682    1.78835
3300.780    2.44022
3300.878    0.64757
3300.975    0.60683
3301.073    1.17722
3301.171    2.35874
3301.269    2.52170
3301.366    3.62174
3301.464    2.76615
3301.562    2.35874
3301.660    0.76980
3301.758    2.11428
3301.855    2.76615
3301.953    2.15503
3302.051    2.64393
3302.148    2.44022
3302.246    3.37728
3302.344    3.09209
3302.442    2.68467
3302.540    3.09209
3302.637    1.01425
3302.735    1.70686
3302.833    2.96986
3302.930    2.80690
3303.028    1.95132
3303.126    1.91057
3303.224    3.25506
3303.322    3.70322
3303.419    3.70322
3303.517    3.66248
3303.615    4.35509
3303.712    5.53661
3303.810    5.94403
3303.908    5.45512
3304.006    4.51806
3304.104    3.54025
3304.201    3.82544
3304.299    4.80325
3304.397    6.31070
3304.495    6.79961
3304.592    6.59590
3304.690    7.53296
3304.788    8.83670
3304.885   10.95528
3304.983   10.75157
3305.081   10.34415
3305.179   10.62935
3305.277   11.07751
3305.374    9.44783
3305.472    9.57006
3305.570    9.36635
3305.667   12.09606
3305.765   13.39980
3305.863   14.09241
3305.961   14.82577
3306.059   14.94799
3306.156   14.33686
3306.254   14.98873
3306.352   16.33322
3306.449   18.08512
3306.547   18.77773
3306.645   18.32957
3306.743   19.55183
3306.841   19.59257
3306.938   21.46670
3307.036   22.81119
3307.134   24.48160
3307.232   25.13348
3307.329   26.76315
3307.427   28.88173
3307.525   31.16328
3307.623   33.56706
3307.720   36.21528
3307.818   39.55612
3307.916   40.16725
3308.014   43.26364
3308.111   46.84893
3308.209   49.57864
3308.307   52.67502
3308.405   56.99367
3308.502   61.10860
3308.600   65.26428
3308.698   69.90886
3308.796   75.49050
3308.893   80.50176
3308.991   84.73892
3309.089   89.01683
3309.187   95.00589
3309.284   99.52825
3309.382  105.76176
3309.480  110.85450
3309.578  115.94724
3309.675  120.87702
3309.773  123.60673
3309.871  127.39573
3309.969  133.95518
3310.066  139.12940
3310.164  142.83692
3310.262  145.32218
3310.360  147.23705
3310.457  150.70011
3310.555  153.51131
3310.653  155.10024
3310.751  157.01511
3310.848  156.32250
3310.946  154.77431
3311.044  153.38908
3311.142  149.43711
3311.240  148.29634
3311.337  146.21850
3311.435  144.01844
3311.533  140.59611
3311.630  135.70708
3311.728  130.41063
3311.826  126.41792
3311.924  121.12147
3312.021  116.06947
3312.119  111.38415
3312.217  106.98402
3312.315  103.31724
3312.412  101.32089
3312.510   98.46895
3312.608   93.82437
3312.706   91.95025
3312.803   91.17615
3312.901   91.13541
3312.999   92.07247
3313.097   91.95025
3313.194   90.97244
3313.292   88.07976
3313.390   87.10196
3313.488   86.40934
3313.585   81.60179
3313.683   75.00160
3313.781   66.36431
3313.879   55.24176
3313.976   42.28583
3314.074   28.47431
3314.172   12.29977
3314.270   -9.49717
3314.367  -34.22752
3314.465  -57.28745
3314.563  -84.99197
3314.661 -111.35200
3314.759 -137.46758
3314.856 -162.80906
3314.954 -187.86535
3315.052 -210.43638
3315.149 -228.64802
3315.247 -244.33367
3315.345 -256.96367
3315.443 -265.39725
3315.541 -271.63076
3315.638 -274.07528
3315.736 -271.79373
3315.834 -264.94909
3315.931 -257.41183
3316.029 -248.00044
3316.127 -234.39264
3316.225 -219.68480
3316.323 -205.38438
3316.420 -191.89880
3316.518 -175.84648
3316.616 -158.65338
3316.713 -144.47519
3316.811 -130.98961
3316.909 -119.37816
3317.007 -108.29635
3317.104  -97.90716
3317.202  -89.14765
3317.300  -80.59184
3317.398  -72.97310
3317.496  -65.80252
3317.593  -59.56900
3317.691  -55.12813
3317.789  -50.64652
3317.886  -47.02049
3317.984  -44.37226
3318.082  -43.27223
3318.180  -41.39810
3318.278  -39.44249
3318.375  -37.97578
3318.473  -37.03871
3318.571  -35.40904
3318.668  -32.72007
3318.766  -30.23481
3318.864  -28.80884
3318.962  -28.23846
3319.060  -25.46801
3319.157  -22.98275
3319.255  -22.20865
3319.353  -21.51604
3319.450  -18.82707
3319.548  -17.84926
3319.646  -16.78997
3319.744  -15.52697
3319.842  -14.18249
3319.939  -12.34910
3320.037  -10.10830
3320.135   -8.03046
3320.233   -6.68597
3320.330   -5.42297
3320.428   -5.01555
3320.526   -2.77475
3320.624   -1.30804
3320.721   -0.24875
3320.819    0.89203
3320.917    0.32164
3321.015    1.29944
3321.112    2.39948
3321.210    3.37728
3321.308    6.92183
3321.406    9.48857
3321.503    9.73302
3321.601   10.22193
3321.699   10.58861
3321.797   12.66644
3321.894   14.21464
3321.992   16.57767
3322.090   16.78138
3322.188   16.65915
3322.285   18.20735
3322.383   21.46670
3322.481   24.64457
3322.579   26.11128
3322.676   27.78170
3322.774   29.85954
3322.872   31.52996
3322.969   32.34480
3323.067   33.40409
3323.165   35.72638
3323.263   40.81912
3323.361   45.70815
3323.458   48.51935
3323.556   51.08609
3323.654   53.36764
3323.752   58.78631
3323.849   65.46799
3323.947   74.18676
3324.045   82.82405
3324.143   91.37986
3324.240   99.73195
3324.338  111.62860
3324.436  126.05124
3324.534  140.92205
3324.631  156.03731
3324.729  171.76369
3324.827  189.89385
3324.925  211.03892
3325.022  233.24327
3325.120  256.46617
3325.218  277.97791
3325.316  301.73046
3325.413  322.46810
3325.511  341.82052
3325.609  360.15439
3325.707  376.49190
3325.804  389.81452
3325.902  396.12952
3326.000  400.00000
3326.098  396.90361
3326.195  390.38490
3326.293  377.14378
3326.391  357.87284
3326.489  332.36839
3326.586  304.37868
3326.684  270.97030
3326.782  232.30620
3326.880  189.93459
3326.978  143.81473
3327.075   97.89857
3327.173   50.80089
3327.271    3.49951
3327.368  -40.17584
3327.466  -79.28810
3327.564 -118.31887
3327.662 -151.48280
3327.760 -181.46887
3327.857 -205.99551
3327.955 -227.71096
3328.053 -242.50028
3328.150 -255.33399
3328.248 -264.05276
3328.346 -269.18625
3328.444 -272.07892
3328.542 -270.48999
3328.639 -267.14915
3328.737 -260.14154
3328.835 -256.02660
3328.932 -251.30054
3329.030 -244.78183
3329.128 -236.59270
3329.226 -228.15912
3329.323 -220.41815
3329.421 -213.81796
3329.519 -209.25486
3329.617 -199.88422
3329.714 -190.55432
3329.812 -180.53180
3329.910 -173.44271
3330.008 -167.29067
3330.105 -160.85345
3330.203 -154.90513
3330.301 -148.38642
3330.399 -142.76403
3330.497 -135.18603
3330.594 -128.09693
3330.692 -119.54113
3330.790 -113.47058
3330.887 -108.41858
3330.985 -104.01845
3331.083  -96.19600
3331.181  -87.27352
3331.279  -81.28445
3331.376  -75.17316
3331.474  -69.51003
3331.572  -63.72468
3331.669  -58.59120
3331.767  -54.47626
3331.865  -50.40207
3331.963  -46.65381
3332.061  -43.23149
3332.158  -41.92775
3332.256  -39.19804
3332.354  -36.71278
3332.451  -33.90159
3332.549  -31.00891
3332.647  -28.64588
3332.745  -25.42726
3332.843  -22.24939
3332.940  -20.74194
3333.038  -19.96784
3333.136  -16.99368
3333.234  -15.24178
3333.331  -13.89730
3333.429  -11.94168
3333.527  -10.10830
3333.625   -9.00826
3333.722   -7.78601
3333.820   -4.15997
3333.918   -0.73765
3334.016    2.03280
3334.113    4.88473
3334.211    7.65519
3334.309   10.54786
3334.406   13.80722
3334.504   16.21099
3334.602   19.18515
3334.700   24.03344
3334.798   27.70022
3334.895   30.34844
3334.993   32.34480
3335.091   35.27822
3335.188   39.10796
3335.286   42.53028
3335.384   45.62667
3335.482   50.63793
3335.580   56.34180
3335.677   63.06422
3335.775   68.23844
3335.873   75.00160
3335.970   82.49812
3336.068   89.58721
3336.166   96.06518
3336.264  100.09863
3336.362  105.59879
3336.459  110.08041
3336.557  114.31757
3336.655  117.33247
3336.753  121.16221
3336.850  125.92902
3336.948  128.00686
3337.046  128.86244
3337.144  126.33644
3337.241  123.89192
3337.339  120.14366
3337.437  114.48053
3337.535  108.16553
3337.632  101.93202
3337.730   96.67631
3337.828   87.87605
3337.926   80.66473
3338.023   72.35338
3338.121   61.76047
3338.219   51.65647
3338.317   41.38951
3338.414   32.42628
3338.512   22.20006
3338.610   11.36270
3338.708    1.95132
3338.805   -4.77110
3338.903  -11.00462
3339.001  -17.36036
3339.099  -23.06423
3339.196  -28.93107
3339.294  -32.96452
3339.392  -34.87939
3339.490  -38.34246
3339.587  -39.60546
3339.685  -41.60181
3339.783  -42.53887
3339.881  -42.49813
3339.979  -43.72039
3340.076  -43.76113
3340.174  -42.70184
3340.272  -43.19075
3340.369  -40.74623
3340.467  -39.27952
3340.565  -39.40175
3340.663  -38.62765
3340.760  -38.34246
3340.858  -38.74988
3340.956  -38.79062
3341.054  -38.22023
3341.151  -35.85720
3341.249  -33.41268
3341.347  -33.12749
3341.445  -30.27555
3341.542  -28.36068
3341.640  -27.62733
3341.738  -28.76810
3341.836  -28.64588
3341.933  -27.95326
3342.031  -26.36433
3342.129  -26.48655
3342.227  -28.27920
3342.324  -26.89397
3342.422  -25.50875
3342.520  -23.96055
3342.618  -25.06059
3342.715  -23.91981
3342.813  -23.22720
3342.911  -23.18646
3343.009  -21.19010
3343.106  -19.96784
3343.204  -19.56042
3343.302  -19.64191
3343.400  -19.47894
3343.498  -18.82707
3343.595  -18.25668
3343.693  -18.58262
3343.791  -20.21230
3343.888  -22.37162
3343.986  -21.71975
3344.084  -21.55678
3344.182  -20.04933
3344.280  -19.64191
3344.377  -19.80488
3344.475  -19.88636
3344.573  -20.00859
3344.670  -19.07152
3344.768  -17.60481
3344.866  -17.19739
3344.964  -17.68630
3345.062  -18.86781
3345.159  -20.17155
3345.257  -19.51968
3345.355  -18.58262
3345.452  -17.40110
3345.550  -18.13446
3345.648  -19.88636
3345.746  -20.74194
3345.844  -19.68265
3345.941  -19.07152
3346.039  -17.64555
3346.137  -18.09372
3346.235  -17.93075
3346.332  -17.93075
3346.430  -17.97149
3346.528  -18.17520
3346.625  -19.39746
3346.723  -21.76049
3346.821  -21.96420
3346.919  -20.90491
3347.017  -21.80123
3347.114  -24.57168
3347.212  -24.44946
3347.310  -23.79759
3347.407  -24.12352
3347.505  -25.71246
3347.603  -24.12352
3347.701  -23.75684
3347.799  -26.52730
3347.896  -26.97546
3347.994  -28.44217
3348.092  -31.04965
3348.189  -34.30900
3348.287  -36.10165
3348.385  -36.67204
3348.483  -38.62765
3348.581  -38.70913
3348.678  -39.48323
3348.776  -38.83136
3348.874  -36.54981
3348.971  -35.20533
3349.069  -33.20897
3349.167  -34.06455
3349.265  -35.61275
3349.363  -37.60910
3349.460  -38.83136
3349.558  -37.24242
3349.656  -39.97213
3349.754  -39.52397
3349.851  -38.13875
3349.949  -37.56836
3350.047  -37.44613
3350.145  -36.42759
3350.242  -37.03871
3350.340  -37.77207
3350.438  -36.02017
3350.536  -35.44978
3350.633  -34.71642
3350.731  -32.72007
3350.829  -30.88668
3350.927  -29.90888
3351.024  -29.78665
3351.122  -29.41997
3351.220  -27.83104
3351.318  -26.03839
3351.415  -26.44581
3351.513  -25.91617
3351.611  -26.52730
3351.708  -25.42726
3351.806  -22.33088
3351.904  -19.60117
3352.002  -19.72339
3352.100  -19.64191
3352.197  -18.70484
3352.295  -18.66410
3352.393  -17.56407
3352.491  -16.21959
3352.588  -16.50478
3352.686  -16.17884
3352.784  -15.44549
3352.882  -14.01952
3352.979  -13.28617
3353.077  -13.85655
3353.175  -14.06026
3353.273  -13.24543
3353.370  -12.10465
3353.468  -11.49352
3353.566  -11.12684
3353.664  -10.63794
3353.761  -10.71943
3353.859   -9.49717
3353.957   -7.78601
3354.055   -7.78601
3354.152   -8.72307
3354.250   -8.43788
3354.348   -6.76746
3354.446   -7.86749
3354.543   -8.19343
3354.641   -7.05265
3354.739   -7.50081
3354.837   -9.45643
3354.934   -9.08975
3355.032   -9.17123
3355.130   -7.94897
3355.228   -6.27855
3355.325   -5.99336
3355.423   -6.60449
3355.521   -7.33784
3355.619   -6.52301
3355.716   -5.30075
3355.814   -5.09704
3355.912   -5.95262
3356.010   -7.01191
3356.107   -6.23781
3356.205   -5.99336
3356.303   -6.88968
3356.401   -5.13778
3356.499   -4.44517
3356.596   -5.62668
3356.694   -6.93043
3356.792   -6.60449
3356.889   -6.36004
3356.987   -4.81185
3357.085   -3.67107
3357.183   -4.32294
3357.281   -3.95626
3357.378   -2.24510
3357.476   -2.81549
3357.574   -2.81549
3357.671   -3.14143
3357.769   -4.03775
3357.867   -3.42662
3357.965   -3.18217
3358.063   -3.50810
3358.160   -4.36368
3358.258   -4.77110
3358.356   -4.44517
3358.453   -4.48591
3358.551   -4.11923
3358.649   -3.91552
3358.747   -3.22291
3358.844   -3.26365
3358.942   -4.24146
3359.040   -3.71181
3359.138   -2.81549
3359.236   -1.87843
3359.333   -1.47101
3359.431   -1.06359
3359.529   -1.55249
3359.626   -1.18581
3359.724   -1.55249
3359.822   -2.44881
3359.920   -3.14143
3360.018   -2.65252
3360.115   -1.55249
3360.213   -2.97846
3360.311   -5.21926
3360.408   -3.91552
3360.506   -2.89697
3360.604   -3.30439
3360.702   -2.36733
3360.800   -2.28585
3360.897   -1.63397
3360.995   -0.57468
3361.093   -0.41172
3361.190   -0.08578
3361.288   -0.16726
3361.386   -0.69691
3361.484   -1.06359
3361.582   -0.16726
3361.679   -0.12652
3361.777   -2.89697
3361.875   -3.83404
3361.972   -3.79330
3362.070   -2.53030
3362.168   -1.06359
3362.266   -1.63397
3362.364   -4.28220
3362.461   -5.01555
3362.559   -4.03775
3362.657   -4.24146
3362.755   -2.00065
3362.852   -0.81914
3362.950   -1.02285
3363.048   -1.14507
3363.146   -2.97846
3363.243   -2.93772
3363.341   -0.65617
3363.439   -1.30804
3363.537   -2.57104
3363.634   -2.20436
3363.732   -1.71546
3363.830   -2.36733
3363.927   -2.81549
3364.025   -3.46736
3364.123   -3.46736
3364.221   -1.75620
3364.319   -1.26730
3364.416   -3.50810
3364.514   -3.10068
3364.612   -4.44517
3364.709   -4.32294
3364.807   -3.67107
3364.905   -3.75255
3365.003   -3.26365
3365.101   -3.46736
3365.198   -4.73036
3365.296   -4.36368
3365.394   -3.63033
3365.492   -3.46736
3365.589   -3.79330
3365.687   -3.95626
3365.785   -4.24146
3365.883   -5.05630
3365.980   -5.78965
3366.078   -5.83039
3366.176   -2.81549
3366.274   -1.06359
3366.371   -2.81549
3366.469   -3.38588
3366.567   -2.85623
3366.665   -1.38952
3366.762   -0.85988
3366.860   -1.10433
3366.958   -2.93772
3367.056   -3.75255
3367.153   -2.81549
3367.251   -2.36733
3367.349   -2.24510
3367.447   -2.89697
3367.544   -3.14143
3367.642   -1.71546
3367.740   -1.95991
3367.838   -3.71181
3367.935   -5.70817
3368.033   -3.75255
3368.131   -2.40807
3368.229   -2.20436
3368.326   -0.94136
3368.424    0.89203
3368.522    0.64757
3368.620   -0.81914
3368.717   -1.75620
3368.815   -2.77475
3368.913   -2.73401
3369.011   -2.00065
3369.108   -0.90062
3369.206   -1.18581
3369.304   -2.40807
3369.402   -2.36733
3369.500   -2.20436
3369.597   -2.04139
3369.695   -2.04139
3369.793   -1.51175
3369.890   -2.00065
3369.988   -2.32659
3370.086   -1.95991
3370.184   -0.61543
3370.281   -0.53394
3370.379   -0.33023
3370.477   -0.81914
3370.575   -2.16362
3370.672   -2.28585
3370.770   -2.28585
3370.868   -2.20436
3370.966   -2.81549
3371.063   -2.57104
3371.161   -3.54885
3371.259   -3.14143
3371.357   -3.10068
3371.454   -1.67472
3371.552   -1.34878
3371.650   -0.77839
3371.748   -0.85988
3371.845   -2.61178
3371.943   -1.75620
3372.041   -1.02285
3372.139   -0.28949
3372.237   -0.24875
3372.334   -0.12652
3372.432   -0.65617
3372.530   -0.53394
3372.627   -0.28949
3372.725    0.03644
3372.823   -0.61543
3372.921   -3.63033
3373.019   -4.24146
3373.116   -4.77110
3373.214   -5.17852
3373.312   -3.30439
3373.409   -1.63397
3373.507   -0.04504
3373.605    0.07719
3373.703   -0.85988
3373.801   -0.57468
3373.898   -0.12652
3373.996   -1.59323
3374.094   -1.30804
3374.191   -1.71546
3374.289   -2.69326
3374.387   -1.22655
3374.485   -1.63397
3374.583   -1.30804
3374.680   -0.49320
3374.778   -2.57104
3374.876   -4.52665
3374.973   -4.48591
3375.071   -3.87478
3375.169   -1.75620
3375.267   -2.08214
3375.365   -3.91552
3375.462   -5.38223
3375.560   -4.73036
3375.658   -2.32659
3375.756   -2.24510
3375.853   -3.87478
3375.951   -3.26365
3376.049   -2.53030
3376.146   -1.91917
3376.244   -0.41172
3376.342    0.48461
3376.440   -0.65617
3376.538   -1.67472
3376.635   -2.40807
3376.733   -2.85623
3376.831   -4.60814
3376.928   -4.11923
3377.026   -4.97481
3377.124   -6.60449
3377.222   -4.68962
3377.320   -2.93772
3377.417   -2.08214
3377.515   -1.14507
3377.613   -2.24510
3377.710   -4.11923
3377.808   -4.07849
3377.906   -3.05994
3378.004   -1.14507
3378.102   -1.47101
