3278.102   -0.80147
3278.199   -1.88211
3278.297   -1.34179
3278.395   -0.56991
3278.493   -1.57336
3278.590   -1.14882
3278.688   -0.84007
3278.786    0.93527
3278.884    1.16684
3278.981   -0.18396
3279.079   -1.14882
3279.177   -0.56991
3279.275   -1.26460
3279.372   -1.76633
3279.470   -0.22256
3279.568    0.27917
3279.666   -0.68569
3279.763   -0.14537
3279.861   -0.80147
3279.959    0.51073
3280.057    1.74575
3280.154    2.36326
3280.252    1.66856
3280.350    1.55278
3280.448    0.20198
3280.545   -1.11023
3280.643   -1.53476
3280.741   -1.99789
3280.839   -1.53476
3280.936   -0.33834
3281.034    0.81949
3281.132    0.51073
3281.230    0.47214
3281.327    0.62652
3281.425    0.93527
3281.523    0.58792
3281.621   -0.56991
3281.718   -0.14537
3281.816   -1.41898
3281.914   -1.07163
3282.012   -0.99444
3282.109   -0.29975
3282.207   -0.18396
3282.305    0.12479
3282.403   -0.26115
3282.500   -2.46103
3282.598   -3.15572
3282.696   -2.61540
3282.794   -1.22601
3282.891   -1.18741
3282.989   -0.18396
3283.087   -0.41553
3283.185   -0.87866
3283.282   -0.02959
3283.380   -1.03304
3283.478   -2.88556
3283.576   -2.88556
3283.673   -1.38039
3283.771   -0.45412
3283.869   -1.07163
3283.967    0.66511
3284.064    1.20543
3284.162    1.43700
3284.260   -0.22256
3284.358   -0.80147
3284.455   -0.84007
3284.553    0.12479
3284.651    0.00901
3284.749   -1.22601
3284.846   -2.69259
3284.944   -3.11713
3285.042   -3.85042
3285.140   -2.46103
3285.238    0.66511
3285.335    3.28952
3285.433    1.59137
3285.531    0.85808
3285.628    0.43354
3285.726   -1.38039
3285.824   -2.03649
3285.922   -2.19087
3286.020   -1.88211
3286.117   -1.49617
3286.215   -1.30320
3286.313   -1.57336
3286.410   -1.26460
3286.508    0.31776
3286.606    1.01246
3286.704    0.12479
3286.802   -0.18396
3286.899   -0.22256
3286.997    1.70716
3287.095    0.31776
3287.192   -1.22601
3287.290   -2.69259
3287.388   -2.53821
3287.486   -1.68914
3287.583    0.47214
3287.681    0.81949
3287.779    0.85808
3287.877   -0.37693
3287.974   -0.60850
3288.072   -0.26115
3288.170   -0.45412
3288.268   -0.37693
3288.365   -1.14882
3288.463   -2.15227
3288.561   -0.80147
3288.659    1.01246
3288.757    3.28952
3288.854    2.28607
3288.952    0.97386
3289.050    0.70370
3289.147   -0.37693
3289.245   -1.38039
3289.343   -1.53476
3289.441   -1.65055
3289.539   -1.65055
3289.636    0.04760
3289.734    0.58792
3289.832   -0.99444
3289.929   -1.38039
3290.027   -0.18396
3290.125   -0.18396
3290.223    0.58792
3290.321    0.51073
3290.418   -0.49272
3290.516   -0.45412
3290.614    0.12479
3290.711   -0.22256
3290.809   -0.76288
3290.907   -0.02959
3291.005    0.08620
3291.103   -0.18396
3291.200    1.70716
3291.298    2.28607
3291.396    1.74575
3291.494    0.31776
3291.591   -1.22601
3291.689   -1.14882
3291.787   -1.18741
3291.885   -0.72428
3291.982    0.93527
3292.080    1.24402
3292.178    0.43354
3292.276    0.39495
3292.373   -0.60850
3292.471   -0.95585
3292.569   -2.11368
3292.667   -2.88556
3292.764   -3.03994
3292.862   -2.46103
3292.960   -1.65055
3293.058   -1.03304
3293.155    0.08620
3293.253    1.51418
3293.351    1.78434
3293.448    2.67201
3293.546    2.94217
3293.644    2.40185
3293.742    1.90013
3293.840    2.82639
3293.937    2.59482
3294.035    2.09310
3294.133    1.55278
3294.231    2.24748
3294.328    1.28262
3294.426    0.51073
3294.524    0.93527
3294.622    1.70716
3294.719    1.93872
3294.817    1.93872
3294.915    1.82294
3295.013    0.93527
3295.110   -0.18396
3295.208   -0.37693
3295.306   -0.76288
3295.404    1.12824
3295.501    1.47559
3295.599    1.82294
3295.697    1.35981
3295.795    0.27917
3295.892    2.01591
3295.990    2.32466
3296.088    2.71061
3296.186    1.43700
3296.283   -0.99444
3296.381    0.31776
3296.479    2.40185
3296.577    0.97386
3296.674    0.24057
3296.772   -0.26115
3296.870    0.43354
3296.968    2.40185
3297.065    1.70716
3297.163    1.82294
3297.261    2.20888
3297.359    0.97386
3297.456    1.01246
3297.554    1.20543
3297.652   -0.10677
3297.750    0.66511
3297.847    0.81949
3297.945    0.16338
3298.043    0.31776
3298.141   -0.60850
3298.239   -0.14537
3298.336    0.89668
3298.434    1.32121
3298.532    0.78089
3298.629    0.47214
3298.727    1.28262
3298.825    2.59482
3298.923    3.05795
3299.021    3.71406
3299.118    4.06141
3299.216    2.82639
3299.314    2.05450
3299.411    2.47904
3299.509    3.32811
3299.607    3.86843
3299.705    2.63342
3299.802    0.16338
3299.900    0.08620
3299.998    0.04760
3300.096    0.93527
3300.193    3.82984
3300.291    5.14205
3300.389    6.02971
3300.487    5.18064
3300.584    2.24748
3300.682    1.55278
3300.780    1.05105
3300.878   -0.84007
3300.975   -0.99444
3301.073    0.31776
3301.171    0.24057
3301.269   -0.26115
3301.366    0.31776
3301.464    2.05450
3301.562    2.01591
3301.660    2.71061
3301.758    3.05795
3301.855    2.94217
3301.953    3.86843
3302.051    5.56658
3302.148    6.14550
3302.246    4.67891
3302.344    2.90358
3302.442    2.82639
3302.540    3.59827
3302.637    4.10000
3302.735    5.18064
3302.833    6.37706
3302.930    5.06486
3303.028    4.02281
3303.126    5.41221
3303.224    6.29987
3303.322    4.37016
3303.419    3.79125
3303.517    4.06141
3303.615    3.36671
3303.712    2.47904
3303.810    4.21578
3303.908    5.48939
3304.006    5.18064
3304.104    5.02626
3304.201    5.95253
3304.299    6.10690
3304.397    6.60863
3304.495    5.99112
3304.592    8.07521
3304.690    8.61553
3304.788    7.61208
3304.885    8.07521
3304.983    9.42601
3305.081   10.42946
3305.179   11.31713
3305.277   12.32058
3305.374   12.24339
3305.472   11.31713
3305.570   11.16275
3305.667   10.12071
3305.765   12.74512
3305.863   15.94844
3305.961   17.56940
3306.059   17.99394
3306.156   17.45362
3306.254   17.64659
3306.352   19.03598
3306.449   20.27100
3306.547   21.04288
3306.645   20.03943
3306.743   18.72723
3306.841   19.19036
3306.938   21.19726
3307.036   25.40404
3307.134   28.10563
3307.232   30.80723
3307.329   31.11599
3307.427   31.65631
3307.525   32.11944
3307.623   34.16493
3307.720   37.29107
3307.818   39.83829
3307.916   42.57849
3308.014   45.43446
3308.111   48.56060
3308.209   52.22705
3308.307   55.73913
3308.405   60.94936
3308.502   65.88942
3308.600   68.82259
3308.698   71.60137
3308.796   75.92393
3308.893   80.28508
3308.991   85.49531
3309.089   88.04253
3309.187   93.09838
3309.284   99.77519
3309.382  106.22043
3309.480  112.27973
3309.578  118.49341
3309.675  122.77737
3309.773  127.67885
3309.871  132.77329
3309.969  136.63272
3310.066  139.68166
3310.164  141.68857
3310.262  144.77611
3310.360  148.82850
3310.457  152.80371
3310.555  155.00359
3310.653  155.89126
3310.751  156.08423
3310.848  154.42467
3310.946  151.76167
3311.044  149.98633
3311.142  149.83196
3311.240  146.93739
3311.337  142.38326
3311.435  138.44665
3311.533  135.97661
3311.630  131.53827
3311.728  126.01929
3311.826  121.15641
3311.924  114.55679
3312.021  109.69392
3312.119  107.14670
3312.217  104.17494
3312.315  100.54708
3312.412   98.69455
3312.510   96.41749
3312.608   94.83512
3312.706   94.87372
3312.803   94.33340
3312.901   93.94746
3312.999   94.56496
3313.097   93.52292
3313.194   91.24586
3313.292   90.66694
3313.390   89.39333
3313.488   87.54081
3313.585   84.64624
3313.683   79.93774
3313.781   70.94527
3313.879   58.01619
3313.976   43.50475
3314.074   29.14768
3314.172   11.35572
3314.270  -10.21847
3314.367  -33.33644
3314.465  -56.06846
3314.563  -81.46349
3314.661 -106.54977
3314.759 -132.44652
3314.856 -158.22749
3314.954 -183.66111
3315.052 -206.08438
3315.149 -224.60963
3315.247 -240.70344
3315.345 -254.28862
3315.443 -262.77936
3315.541 -268.68429
3315.638 -271.69464
3315.736 -269.91930
3315.834 -264.82486
3315.931 -256.33412
3316.029 -246.60836
3316.127 -235.22305
3316.225 -222.83429
3316.323 -209.63506
3316.420 -195.35518
3316.518 -178.99121
3316.616 -164.28679
3316.713 -149.31221
3316.811 -133.56575
3316.909 -121.44715
3317.007 -110.44779
3317.104  -99.75717
3317.202  -91.80676
3317.300  -83.97212
3317.398  -75.21122
3317.496  -70.23256
3317.593  -64.86796
3317.691  -57.49645
3317.789  -50.97402
3317.886  -47.77070
3317.984  -46.96022
3318.082  -45.68661
3318.180  -43.83408
3318.278  -40.51497
3318.375  -38.12213
3318.473  -38.12213
3318.571  -37.04149
3318.668  -36.15382
3318.766  -34.37848
3318.864  -32.87331
3318.962  -32.25580
3319.060  -28.04902
3319.157  -25.07727
3319.255  -23.95803
3319.353  -21.87394
3319.450  -18.51624
3319.548  -16.12340
3319.646  -13.53758
3319.744  -13.49899
3319.842  -13.65336
3319.939  -12.84288
3320.037  -10.99036
3320.135   -7.47828
3320.233   -4.85387
3320.330   -4.15917
3320.428   -4.69949
3320.526   -3.77323
3320.624   -3.31010
3320.721   -3.11713
3320.819   -1.61195
3320.917   -0.22256
3321.015    0.97386
3321.112    2.36326
3321.210    3.25093
3321.308    4.10000
3321.406    4.75610
3321.503    6.91738
3321.601    9.07866
3321.699   11.54869
3321.797   13.82576
3321.894   14.79061
3321.992   15.25374
3322.090   17.29924
3322.188   20.30959
3322.285   21.66039
3322.383   21.77617
3322.481   22.62525
3322.579   25.44263
3322.676   28.02845
3322.774   30.80723
3322.872   31.73350
3322.969   34.47369
3323.067   37.56123
3323.165   39.06641
3323.263   41.84519
3323.361   46.90104
3323.458   51.10782
3323.556   55.00584
3323.654   59.48277
3323.752   65.61926
3323.849   71.79435
3323.947   78.31678
3324.045   85.26375
3324.143   93.67730
3324.240  103.48024
3324.338  116.44791
3324.436  130.18747
3324.534  144.50595
3324.631  159.55771
3324.729  176.11465
3324.827  195.99070
3324.925  217.56490
3325.022  238.32861
3325.120  259.43968
3325.218  280.31918
3325.316  302.04775
3325.413  324.20086
3325.511  345.15755
3325.609  362.91091
3325.707  378.88894
3325.804  391.08472
3325.902  397.33700
3326.000  400.00000
3326.098  397.18262
3326.195  388.46031
3326.293  376.99782
3326.391  359.20586
3326.489  333.88802
3326.586  304.59497
3326.684  272.87048
3326.782  235.70420
3326.880  193.86802
3326.978  149.25304
3327.075  102.74695
3327.173   55.23741
3327.271    9.34882
3327.368  -34.14692
3327.466  -74.82528
3327.564 -113.99846
3327.662 -148.03860
3327.760 -176.67555
3327.857 -200.75837
3327.955 -222.10100
3328.053 -238.88951
3328.150 -250.62217
3328.248 -259.46026
3328.346 -264.67048
3328.444 -266.67738
3328.542 -266.56160
3328.639 -264.67048
3328.737 -262.50920
3328.835 -256.79725
3328.932 -252.05016
3329.030 -247.14868
3329.128 -239.00529
3329.226 -231.17066
3329.323 -223.52899
3329.421 -216.81359
3329.519 -209.09474
3329.617 -201.95480
3329.714 -194.46751
3329.812 -186.24693
3329.910 -180.07185
3330.008 -173.54941
3330.105 -166.29369
3330.203 -159.69407
3330.301 -153.17164
3330.399 -146.95796
3330.497 -138.93036
3330.594 -130.74837
3330.692 -122.29623
3330.790 -116.42990
3330.887 -111.56702
3330.985 -103.96395
3331.083  -96.47666
3331.181  -89.37532
3331.279  -84.62822
3331.376  -81.88803
3331.474  -77.37250
3331.572  -70.96585
3331.669  -64.48201
3331.767  -59.19460
3331.865  -53.94578
3331.963  -49.43025
3332.061  -46.57427
3332.158  -43.91127
3332.256  -41.17108
3332.354  -37.58181
3332.451  -34.14692
3332.549  -29.90155
3332.647  -26.27369
3332.745  -25.73337
3332.843  -24.76851
3332.940  -21.06346
3333.038  -18.32327
3333.136  -16.27777
3333.234  -14.27087
3333.331  -10.48863
3333.429   -7.59406
3333.527   -5.85732
3333.625   -6.05029
3333.722   -4.54512
3333.820   -1.95930
3333.918   -1.41898
3334.016    0.74230
3334.113    5.14205
3334.211    9.34882
3334.309   10.77681
3334.406   13.59419
3334.504   17.60799
3334.602   21.58320
3334.700   24.36199
3334.798   25.98295
3334.895   29.26346
3334.993   32.92992
3335.091   37.56123
3335.188   40.49439
3335.286   44.77836
3335.384   50.41312
3335.482   55.04443
3335.580   59.13543
3335.677   64.84738
3335.775   69.90323
3335.873   76.03972
3335.970   83.21825
3336.068   89.23896
3336.166   95.29826
3336.264  100.77864
3336.362  105.06260
3336.459  109.07641
3336.557  112.62708
3336.655  116.25494
3336.753  120.92485
3336.850  123.85801
3336.948  125.40178
3337.046  126.55961
3337.144  126.28945
3337.241  124.43693
3337.339  121.15641
3337.437  116.67948
3337.535  111.00612
3337.632  102.63117
3337.730   95.22107
3337.828   86.76892
3337.926   78.50975
3338.023   70.25058
3338.121   60.37044
3338.219   50.64469
3338.317   39.68392
3338.414   28.72314
3338.512   18.68863
3338.610   10.04352
3338.708    2.82639
3338.805   -3.65745
3338.903  -11.72365
3339.001  -19.51969
3339.099  -25.73337
3339.196  -28.70513
3339.294  -32.44877
3339.392  -38.04494
3339.490  -40.66935
3339.587  -40.82373
3339.685  -40.66935
3339.783  -41.24826
3339.881  -42.98501
3339.979  -43.94986
3340.076  -44.91472
3340.174  -44.02705
3340.272  -42.56047
3340.369  -42.09734
3340.467  -41.44124
3340.565  -41.09389
3340.663  -39.39574
3340.760  -38.04494
3340.858  -35.99944
3340.956  -34.53286
3341.054  -34.80302
3341.151  -33.49082
3341.249  -31.67689
3341.347  -31.59970
3341.445  -31.13657
3341.542  -30.17171
3341.640  -29.05248
3341.738  -29.05248
3341.836  -28.55075
3341.933  -28.12621
3342.031  -28.35778
3342.129  -26.85260
3342.227  -27.54730
3342.324  -27.47011
3342.422  -26.73682
3342.520  -25.50180
3342.618  -26.04212
3342.715  -26.15791
3342.813  -26.85260
3342.911  -25.84915
3343.009  -23.14755
3343.106  -20.90909
3343.204  -20.13720
3343.302  -18.97937
3343.400  -19.86704
3343.498  -19.24953
3343.595  -18.74781
3343.693  -17.01106
3343.791  -16.62512
3343.888  -17.47420
3343.986  -17.01106
3344.084  -19.36531
3344.182  -19.75126
3344.280  -21.41081
3344.377  -20.40736
3344.475  -19.13375
3344.573  -18.43905
3344.670  -18.74781
3344.768  -18.13030
3344.866  -17.66717
3344.964  -15.93042
3345.062  -16.50934
3345.159  -18.47765
3345.257  -19.13375
3345.355  -17.66717
3345.452  -17.58998
3345.550  -18.82499
3345.648  -18.20749
3345.746  -17.20404
3345.844  -17.97592
3345.941  -19.01797
3346.039  -17.31982
3346.137  -16.08480
3346.235  -17.78295
3346.332  -19.51969
3346.430  -21.17925
3346.528  -21.14065
3346.625  -21.87394
3346.723  -22.72302
3346.821  -22.10551
3346.919  -22.64583
3347.017  -23.64928
3347.114  -24.42116
3347.212  -25.30883
3347.310  -26.27369
3347.407  -26.58244
3347.505  -27.81746
3347.603  -28.12621
3347.701  -28.74372
3347.799  -29.55420
3347.896  -30.71203
3347.994  -31.21375
3348.092  -30.67344
3348.189  -29.90155
3348.287  -30.17171
3348.385  -32.06283
3348.483  -32.98909
3348.581  -32.64174
3348.678  -33.91535
3348.776  -34.88021
3348.874  -36.88711
3348.971  -36.69414
3349.069  -37.62040
3349.167  -39.12558
3349.265  -40.01325
3349.363  -40.43778
3349.460  -39.66590
3349.558  -40.43778
3349.656  -39.39574
3349.754  -38.70104
3349.851  -38.27651
3349.949  -38.39229
3350.047  -38.62385
3350.145  -36.92571
3350.242  -36.92571
3350.340  -36.30820
3350.438  -35.11178
3350.536  -33.33644
3350.633  -32.83471
3350.731  -32.56455
3350.829  -30.94360
3350.927  -30.21030
3351.024  -29.51561
3351.122  -29.32264
3351.220  -29.24545
3351.318  -29.05248
3351.415  -27.31573
3351.513  -26.31228
3351.611  -25.57899
3351.708  -24.53695
3351.806  -24.26679
3351.904  -23.57209
3352.002  -20.63893
3352.100  -19.82845
3352.197  -19.05656
3352.295  -17.78295
3352.393  -16.70231
3352.491  -16.89528
3352.588  -17.66717
3352.686  -16.70231
3352.784  -14.69541
3352.882  -13.96212
3352.979  -14.92697
3353.077  -16.20058
3353.175  -16.04621
3353.273  -13.07445
3353.370  -12.61132
3353.468  -13.53758
3353.566  -12.30256
3353.664  -11.18333
3353.761  -11.64646
3353.859   -9.52378
3353.957   -9.40799
3354.055  -10.02550
3354.152   -9.79394
3354.250   -9.06065
3354.348   -8.40454
3354.446   -9.63956
3354.543  -10.21847
3354.641   -9.21502
3354.739   -8.98346
3354.837   -7.78703
3354.934   -7.70985
3355.032   -8.17298
3355.130  -10.41144
3355.228   -9.98691
3355.325   -8.01860
3355.423   -6.62921
3355.521   -6.35905
3355.619   -5.50997
3355.716   -6.66780
3355.814   -7.98001
3355.912   -8.13438
3356.010   -7.13093
3356.107   -7.82563
3356.205   -7.74844
3356.303   -6.08889
3356.401   -4.77668
3356.499   -4.27496
3356.596   -5.27841
3356.694   -6.51342
3356.792   -7.28531
3356.889   -7.78703
3356.987   -7.28531
3357.085   -7.32390
3357.183   -6.43623
3357.281   -5.78013
3357.378   -3.92761
3357.476   -3.88901
3357.574   -4.19777
3357.671   -4.12058
3357.769   -3.69604
3357.867   -4.23636
3357.965   -4.85387
3358.063   -6.51342
3358.160   -6.82218
3358.258   -6.39764
3358.356   -5.00825
3358.453   -6.16608
3358.551   -7.13093
3358.649   -7.16953
3358.747   -6.66780
3358.844   -5.16262
3358.942   -4.35214
3359.040   -3.69604
3359.138   -3.54166
3359.236   -5.47138
3359.333   -6.47483
3359.431   -5.08544
3359.529   -4.08198
3359.626   -2.76978
3359.724   -2.49962
3359.822   -2.88556
3359.920   -4.23636
3360.018   -2.34524
3360.115   -0.72428
3360.213   -0.95585
3360.311   -2.42243
3360.408   -3.88901
3360.506   -3.07853
3360.604   -3.23291
3360.702   -2.88556
3360.800   -3.34869
3360.897   -2.73119
3360.995   -3.42588
3361.093   -2.96275
3361.190   -2.73119
3361.288   -3.31010
3361.386   -4.12058
3361.484   -5.16262
3361.582   -3.69604
3361.679   -1.14882
3361.777   -2.61540
3361.875   -4.39074
3361.972   -4.93106
3362.070   -4.08198
3362.168   -1.88211
3362.266   -0.29975
3362.364   -1.11023
3362.461   -1.88211
3362.559   -2.34524
3362.657   -4.35214
3362.755   -5.12403
3362.852   -4.77668
3362.950   -4.77668
3363.048   -5.50997
3363.146   -5.58716
3363.243   -6.05029
3363.341   -5.43278
3363.439   -5.16262
3363.537   -5.66435
3363.634   -5.12403
3363.732   -3.61885
3363.830   -2.11368
3363.927   -3.42588
3364.025   -3.23291
3364.123   -2.76978
3364.221   -1.88211
3364.319   -0.14537
3364.416    0.00901
3364.514   -0.84007
3364.612   -1.65055
3364.709   -2.22946
3364.807   -3.65745
3364.905   -3.85042
3365.003   -2.80837
3365.101   -2.22946
3365.198   -3.65745
3365.296   -3.46448
3365.394   -3.23291
3365.492   -3.38729
3365.589   -0.84007
3365.687    0.62652
3365.785    0.39495
3365.883   -1.22601
3365.980   -1.72773
3366.078   -1.14882
3366.176   -0.49272
3366.274   -1.76633
3366.371   -2.92416
3366.469   -3.34869
3366.567   -4.35214
3366.665   -3.38729
3366.762   -2.53821
3366.860   -3.07853
3366.958   -2.92416
3367.056   -3.00135
3367.153   -2.96275
3367.251   -2.76978
3367.349   -1.41898
3367.447   -1.65055
3367.544   -2.15227
3367.642   -1.07163
3367.740   -0.14537
3367.838   -3.15572
3367.935   -4.62230
3368.033   -3.31010
3368.131   -3.96620
3368.229   -3.11713
3368.326   -0.45412
3368.424   -0.60850
3368.522   -1.88211
3368.620   -2.34524
3368.717   -3.58026
3368.815   -2.34524
3368.913   -0.95585
3369.011   -0.37693
3369.108    0.58792
3369.206   -0.10677
3369.304   -0.84007
3369.402    0.97386
3369.500    1.51418
3369.597    1.35981
3369.695    0.35636
3369.793   -1.14882
3369.890   -0.29975
3369.988    1.12824
3370.086    0.35636
3370.184   -1.11023
3370.281   -3.11713
3370.379   -3.46448
3370.477   -3.00135
3370.575   -3.54166
3370.672   -3.69604
3370.770   -2.84697
3370.868   -1.72773
3370.966   -1.14882
3371.063   -0.99444
3371.161   -0.49272
3371.259   -0.60850
3371.357   -2.57681
3371.454   -3.19432
3371.552   -3.19432
3371.650   -3.77323
3371.748   -3.92761
3371.845   -5.39419
3371.943   -4.85387
3372.041   -3.69604
3372.139   -1.88211
3372.237   -1.72773
3372.334   -2.26805
3372.432   -2.84697
3372.530   -2.92416
3372.627   -4.19777
3372.725   -5.39419
3372.823   -5.20122
3372.921   -4.31355
3373.019   -3.58026
3373.116   -3.42588
3373.214   -3.69604
3373.312   -3.46448
3373.409   -2.30665
3373.507   -3.50307
3373.605   -4.39074
3373.703   -3.00135
3373.801   -3.58026
3373.898   -4.73809
3373.996   -3.77323
3374.094   -2.92416
3374.191   -1.88211
3374.289   -0.68569
3374.387   -1.76633
3374.485   -2.03649
3374.583   -3.00135
3374.680   -4.12058
3374.778   -4.69949
3374.876   -3.69604
3374.973   -4.08198
3375.071   -5.12403
3375.169   -4.77668
3375.267   -3.81182
3375.365   -3.15572
3375.462   -3.31010
3375.560   -4.46793
3375.658   -3.46448
3375.756   -4.04339
3375.853   -3.11713
3375.951   -2.88556
3376.049   -3.23291
3376.146   -2.69259
3376.244   -2.96275
3376.342   -2.22946
3376.440   -2.76978
3376.538   -2.65400
3376.635   -2.42243
3376.733   -2.22946
3376.831   -3.65745
3376.928   -4.62230
3377.026   -2.69259
3377.124   -1.30320
3377.222   -0.60850
3377.320   -0.84007
3377.417   -1.45757
3377.515   -3.42588
3377.613   -4.23636
3377.710   -5.27841
3377.808   -4.19777
3377.906   -3.19432
3378.004   -3.31010
3378.102   -2.84697
